Date,High,Low,Open,Close,Volume,Adj Close
2009-01-02,30.18000030517578,29.09000015258789,29.950000762939453,29.920000076293945,3419200.0,25.410709381103516
2009-01-05,29.479999542236328,27.670000076293945,29.469999313354492,27.8799991607666,5573600.0,23.678159713745117
2009-01-06,28.459999084472656,27.5,28.149999618530273,28.299999237060547,5090400.0,24.034854888916016
2009-01-07,28.40999984741211,26.59000015258789,27.649999618530273,26.68000030517578,4000100.0,22.65900993347168
2009-01-08,27.489999771118164,26.59000015258789,27.0,27.15999984741211,4407300.0,23.06667137145996
2009-01-09,27.3700008392334,25.3700008392334,26.780000686645508,25.559999465942383,6087900.0,21.70780372619629
2009-01-12,25.610000610351562,23.3799991607666,25.239999771118164,23.670000076293945,6960700.0,20.102651596069336
2009-01-13,24.649999618530273,23.0,23.440000534057617,24.06999969482422,5860500.0,20.442365646362305
2009-01-14,23.899999618530273,22.56999969482422,23.209999084472656,23.1200008392334,5485100.0,19.635541915893555
2009-01-15,23.0,20.020000457763672,22.729999542236328,20.889999389648438,11136700.0,17.741634368896484
2009-01-16,21.579999923706055,19.149999618530273,21.389999389648438,19.940000534057617,13364900.0,16.934810638427734
2009-01-20,19.219999313354492,14.960000038146973,18.0,15.069999694824219,17028000.0,12.798775672912598
2009-01-21,16.649999618530273,14.720000267028809,16.399999618530273,15.210000038146973,20010300.0,12.917675971984863
2009-01-22,15.109999656677246,13.319999694824219,14.229999542236328,13.550000190734863,16907500.0,11.507856369018555
2009-01-23,15.079999923706055,12.4399995803833,12.890000343322754,14.970000267028809,10819300.0,12.713845252990723
2009-01-26,15.829999923706055,13.220000267028809,14.819999694824219,13.5,14718400.0,11.465392112731934
2009-01-27,14.079999923706055,12.970000267028809,13.779999732971191,13.050000190734863,10700900.0,11.083212852478027
2009-01-28,15.329999923706055,14.329999923706055,15.100000381469727,15.149999618530273,14774200.0,12.866719245910645
2009-01-29,14.59000015258789,13.260000228881836,14.210000038146973,13.350000381469727,10712300.0,11.338000297546387
2009-01-30,14.010000228881836,12.100000381469727,13.529999732971191,12.260000228881836,10281300.0,10.412274360656738
2009-02-02,12.40999984741211,11.489999771118164,12.220000267028809,11.949999809265137,8641300.0,10.148993492126465
2009-02-03,12.170000076293945,8.84000015258789,12.15999984741211,10.020000457763672,29608000.0,8.509867668151855
2009-02-04,11.050000190734863,9.770000457763672,10.220000267028809,9.970000267028809,15997100.0,8.467405319213867
2009-02-05,10.920000076293945,9.270000457763672,9.90999984741211,10.390000343322754,19650300.0,8.824106216430664
2009-02-06,12.550000190734863,10.670000076293945,10.739999771118164,12.09000015258789,23056800.0,10.26789665222168
2009-02-09,13.649999618530273,11.819999694824219,12.40999984741211,12.4399995803833,15302700.0,10.565146446228027
2009-02-10,13.0,8.779999732971191,12.859999656677246,9.0600004196167,38228000.0,7.694553375244141
2009-02-11,10.579999923706055,9.300000190734863,9.670000076293945,10.079999923706055,25454300.0,8.560827255249023
2009-02-12,9.989999771118164,8.59000015258789,9.880000114440918,9.25,24813700.0,7.855918884277344
2009-02-13,9.300000190734863,8.699999809265137,9.100000381469727,8.720000267028809,11865300.0,7.405794620513916
2009-02-17,8.140000343322754,6.920000076293945,8.029999732971191,7.110000133514404,22767700.0,6.0384392738342285
2009-02-18,7.800000190734863,6.869999885559082,7.320000171661377,7.460000038146973,17718000.0,6.335690975189209
2009-02-19,7.960000038146973,6.690000057220459,7.809999942779541,6.699999809265137,15406600.0,5.690230846405029
2009-02-20,7.670000076293945,6.0,6.300000190734863,7.349999904632568,27493600.0,6.242267608642578
2009-02-23,8.430000305175781,7.510000228881836,7.78000020980835,7.880000114440918,25250900.0,6.692392349243164
2009-02-24,9.539999961853027,7.760000228881836,7.949999809265137,9.34000015258789,27444700.0,7.932351589202881
2009-02-25,11.989999771118164,8.59000015258789,9.25,11.0,36109800.0,9.342172622680664
2009-02-26,14.100000381469727,11.770000457763672,12.029999732971191,12.949999809265137,50954800.0,11.09918212890625
2009-02-27,12.25,11.0,11.380000114440918,12.029999732971191,25099300.0,10.310669898986816
2009-03-02,12.430000305175781,10.770000457763672,11.449999809265137,11.069999694824219,18211500.0,9.487874031066895
2009-03-03,11.850000381469727,10.569999694824219,11.600000381469727,10.850000381469727,14134000.0,9.29931926727295
2009-03-04,11.579999923706055,10.210000038146973,11.25,10.920000076293945,14302800.0,9.359313011169434
2009-03-05,10.8100004196167,9.5600004196167,10.520000457763672,9.8100004196167,14273400.0,8.407954216003418
2009-03-06,10.59000015258789,8.760000228881836,10.029999732971191,9.359999656677246,15899200.0,8.022269248962402
2009-03-09,10.75,8.949999809265137,9.010000228881836,10.09000015258789,16091600.0,8.64793586730957
2009-03-10,11.329999923706055,10.5600004196167,11.029999732971191,11.319999694824219,18973600.0,9.702143669128418
2009-03-11,12.229999542236328,10.920000076293945,11.720000267028809,11.220000267028809,15086300.0,9.616435050964355
2009-03-12,13.529999732971191,10.829999923706055,11.199999809265137,13.0600004196167,18820500.0,11.193462371826172
2009-03-13,13.170000076293945,11.600000381469727,13.020000457763672,12.210000038146973,15775300.0,10.464946746826172
2009-03-16,12.960000038146973,11.40999984741211,12.6899995803833,11.479999542236328,17002200.0,9.839278221130371
2009-03-17,12.210000038146973,11.0,11.470000267028809,12.149999618530273,13443400.0,10.413521766662598
2009-03-18,14.489999771118164,11.65999984741211,11.760000228881836,14.180000305175781,23222000.0,12.153392791748047
2009-03-19,14.880000114440918,12.510000228881836,14.350000381469727,12.65999984741211,14176500.0,10.850631713867188
2009-03-20,12.920000076293945,11.739999771118164,12.739999771118164,12.050000190734863,11562800.0,10.327815055847168
2009-03-23,14.149999618530273,12.699999809265137,13.15999984741211,14.109999656677246,15756900.0,12.093400001525879
2009-03-24,13.989999771118164,12.6899995803833,13.390000343322754,12.920000076293945,12968000.0,11.073474884033203
2009-03-25,13.75,12.039999961853027,13.449999809265137,12.979999542236328,13418600.0,11.124893188476562
2009-03-26,13.569999694824219,12.319999694824219,13.460000038146973,13.470000267028809,12924500.0,11.544864654541016
2009-03-27,13.319999694824219,12.479999542236328,13.050000190734863,12.579999923706055,11464200.0,10.782063484191895
2009-03-30,12.079999923706055,10.6899995803833,11.920000076293945,10.850000381469727,13270300.0,9.29931926727295
2009-03-31,12.010000228881836,10.869999885559082,11.210000038146973,11.739999771118164,12102100.0,10.062119483947754
2009-04-01,12.1899995803833,11.010000228881836,11.479999542236328,12.020000457763672,15592100.0,10.302102088928223
2009-04-02,13.6899995803833,12.3100004196167,13.199999809265137,12.819999694824219,17115300.0,10.987764358520508
2009-04-03,13.930000305175781,12.520000457763672,12.779999732971191,13.819999694824219,11477800.0,11.844846725463867
2009-04-06,13.270000457763672,12.520000457763672,13.220000267028809,12.699999809265137,11643800.0,10.88491153717041
2009-04-07,12.460000038146973,11.75,12.25,11.829999923706055,10628600.0,10.139256477355957
2009-04-08,12.100000381469727,10.5,11.960000038146973,10.829999923706055,13418100.0,9.282174110412598
2009-04-09,14.210000038146973,12.449999809265137,12.510000228881836,14.140000343322754,25202200.0,12.119109153747559
2009-04-13,17.1299991607666,13.270000457763672,13.569999694824219,16.059999465942383,26479100.0,13.764703750610352
2009-04-14,16.690000534057617,14.210000038146973,16.0,14.430000305175781,20420000.0,12.367666244506836
2009-04-15,15.819999694824219,13.850000381469727,14.34000015258789,15.680000305175781,13239100.0,13.439010620117188
2009-04-16,16.649999618530273,14.6899995803833,15.920000076293945,16.360000610351562,21923100.0,14.021829605102539
2009-04-17,18.729999542236328,16.0,16.479999542236328,18.040000915527344,26688000.0,15.461724281311035
2009-04-20,17.049999237060547,14.069999694824219,16.950000762939453,14.710000038146973,23947400.0,12.607645034790039
2009-04-21,16.219999313354492,13.430000305175781,13.550000190734863,16.059999465942383,21642000.0,13.764703750610352
2009-04-22,16.270000457763672,14.970000267028809,15.3100004196167,15.399999618530273,21758800.0,13.199030876159668
2009-04-23,16.489999771118164,13.619999885559082,15.90999984741211,14.890000343322754,27087800.0,12.761916160583496
2009-04-24,16.450000762939453,13.850000381469727,14.880000114440918,15.960000038146973,30661400.0,13.678997993469238
2009-04-27,15.789999961853027,14.479999542236328,15.180000305175781,14.600000381469727,13027100.0,12.513367652893066
2009-04-28,14.920000076293945,13.710000038146973,14.140000343322754,13.710000038146973,15444600.0,11.750565528869629
2009-04-29,15.170000076293945,14.039999961853027,14.15999984741211,14.819999694824219,15651500.0,12.701922416687012
2009-04-30,15.34000015258789,14.34000015258789,15.3100004196167,14.4399995803833,13063200.0,12.376236915588379
2009-05-01,15.100000381469727,13.6899995803833,14.520000457763672,13.8100004196167,11078700.0,11.836273193359375
2009-05-04,17.559999465942383,14.140000343322754,14.15999984741211,17.270000457763672,23453600.0,14.80177116394043
2009-05-05,17.700000762939453,16.420000076293945,17.020000457763672,16.950000762939453,15990700.0,14.527510643005371
2009-05-06,20.229999542236328,17.450000762939453,17.610000610351562,19.489999771118164,29817300.0,16.70448875427246
2009-05-07,20.860000610351562,18.09000015258789,20.170000076293945,18.520000457763672,22767500.0,15.873114585876465
2009-05-08,20.860000610351562,18.0,19.059999465942383,20.770000457763672,23848600.0,17.801551818847656
2009-05-11,20.299999237060547,18.389999389648438,19.979999542236328,18.510000228881836,19445500.0,15.864544868469238
2009-05-12,19.020000457763672,16.049999237060547,18.8799991607666,16.209999084472656,22428400.0,13.893266677856445
2009-05-13,16.399999618530273,14.850000381469727,16.030000686645508,15.100000381469727,20850100.0,12.941906929016113
2009-05-14,15.930000305175781,14.800000190734863,14.979999542236328,15.029999732971191,16703500.0,12.881915092468262
2009-05-15,16.440000534057617,14.729999542236328,15.15999984741211,15.050000190734863,26050700.0,12.899053573608398
2009-05-18,16.170000076293945,15.050000190734863,15.430000305175781,16.0,18247200.0,13.713279724121094
2009-05-19,16.18000030517578,15.220000267028809,16.049999237060547,15.279999732971191,18124500.0,13.096182823181152
2009-05-20,16.209999084472656,14.859999656677246,15.670000076293945,15.119999885559082,18620200.0,12.959049224853516
2009-05-21,15.020000457763672,14.229999542236328,14.920000076293945,14.579999923706055,13708400.0,12.496223449707031
2009-05-22,14.579999923706055,13.40999984741211,14.380000114440918,13.710000038146973,16762500.0,11.750565528869629
2009-05-26,14.1899995803833,13.300000190734863,13.520000457763672,14.0,15422700.0,11.999119758605957
2009-05-27,14.199999809265137,13.149999618530273,14.199999809265137,13.210000038146973,15250100.0,11.322026252746582
2009-05-28,13.399999618530273,12.800000190734863,13.119999885559082,13.15999984741211,15412800.0,11.36520767211914
2009-05-29,13.350000381469727,12.869999885559082,13.279999732971191,13.170000076293945,12996600.0,11.3738431930542
2009-06-01,13.960000038146973,12.760000228881836,13.09000015258789,13.800000190734863,34004300.0,11.917923927307129
2009-06-02,16.18000030517578,14.069999694824219,14.149999618530273,15.9399995803833,113248700.0,13.766061782836914
2009-06-03,16.68000030517578,15.5600004196167,16.270000457763672,15.699999809265137,27050500.0,13.558798789978027
2009-06-04,16.639999389648438,15.539999961853027,16.09000015258789,16.510000228881836,19484700.0,14.25832462310791
2009-06-05,17.15999984741211,16.360000610351562,17.139999389648438,16.969999313354492,22916000.0,14.655586242675781
2009-06-08,17.540000915527344,16.790000915527344,16.860000610351562,17.350000381469727,16218800.0,14.98376750946045
2009-06-09,17.6299991607666,16.719999313354492,17.459999084472656,17.059999465942383,12133000.0,14.733316421508789
2009-06-10,17.420000076293945,16.299999237060547,17.209999084472656,16.520000457763672,14292900.0,14.266961097717285
2009-06-11,17.229999542236328,16.559999465942383,16.579999923706055,16.780000686645508,13427900.0,14.49150276184082
2009-06-12,17.290000915527344,16.510000228881836,16.68000030517578,16.690000534057617,7439600.0,14.413780212402344
2009-06-15,16.850000381469727,16.209999084472656,16.43000030517578,16.31999969482422,8618200.0,14.094236373901367
2009-06-16,16.5,15.699999809265137,16.459999084472656,15.850000381469727,12137800.0,13.68834114074707
2009-06-17,15.8100004196167,14.890000343322754,15.6899995803833,15.3100004196167,15405400.0,13.2219877243042
2009-06-18,15.930000305175781,15.300000190734863,15.430000305175781,15.510000228881836,9915000.0,13.394706726074219
2009-06-19,16.309999465942383,15.59000015258789,15.869999885559082,16.270000457763672,16540500.0,14.051061630249023
2009-06-22,16.399999618530273,14.930000305175781,16.0,14.989999771118164,12717800.0,12.945626258850098
2009-06-23,15.75,14.8100004196167,15.010000228881836,15.449999809265137,11125200.0,13.34289264678955
2009-06-24,15.9399995803833,15.350000381469727,15.789999961853027,15.520000457763672,7113100.0,13.403345108032227
2009-06-25,15.680000305175781,15.020000457763672,15.399999618530273,15.600000381469727,7167600.0,13.472431182861328
2009-06-26,16.0,15.199999809265137,15.390000343322754,15.90999984741211,11145000.0,13.740153312683105
2009-06-29,16.469999313354492,15.710000038146973,16.059999465942383,16.350000381469727,6747100.0,14.120146751403809
2009-06-30,16.489999771118164,15.800000190734863,16.3700008392334,16.450000762939453,8393300.0,14.206507682800293
2009-07-01,16.489999771118164,16.1299991607666,16.489999771118164,16.329999923706055,5438600.0,14.102874755859375
2009-07-02,16.3799991607666,15.949999809265137,16.170000076293945,16.139999389648438,8560500.0,13.938786506652832
2009-07-06,16.40999984741211,15.279999732971191,15.979999542236328,15.59000015258789,10150300.0,13.463796615600586
2009-07-07,15.8100004196167,15.430000305175781,15.609999656677246,15.430000305175781,8962100.0,13.3256196975708
2009-07-08,15.869999885559082,14.609999656677246,15.539999961853027,15.039999961853027,20288300.0,12.988808631896973
2009-07-09,15.649999618530273,15.029999732971191,15.210000038146973,15.319999694824219,10585600.0,13.230622291564941
2009-07-10,15.529999732971191,14.989999771118164,15.220000267028809,15.199999809265137,7862000.0,13.126986503601074
2009-07-13,16.25,15.430000305175781,15.579999923706055,16.239999771118164,11547400.0,14.025145530700684
2009-07-14,16.270000457763672,15.779999732971191,16.270000457763672,15.979999542236328,6195500.0,13.800609588623047
2009-07-15,16.979999542236328,16.100000381469727,16.200000762939453,16.770000457763672,10007700.0,14.482868194580078
2009-07-16,17.1200008392334,16.270000457763672,16.299999237060547,16.860000610351562,9030600.0,14.56059455871582
2009-07-17,17.329999923706055,15.949999809265137,17.059999465942383,16.239999771118164,12367800.0,14.025145530700684
2009-07-20,16.690000534057617,15.789999961853027,16.389999389648438,16.040000915527344,9481000.0,13.852426528930664
2009-07-21,15.819999694824219,14.5,15.8100004196167,15.180000305175781,21211100.0,13.109715461730957
2009-07-22,16.690000534057617,14.75,14.970000267028809,16.190000534057617,20260500.0,13.98196792602539
2009-07-23,17.0,16.030000686645508,16.190000534057617,16.93000030517578,10834900.0,14.621050834655762
2009-07-24,17.190000534057617,16.459999084472656,16.780000686645508,17.049999237060547,9124300.0,14.724678039550781
2009-07-27,18.030000686645508,16.799999237060547,17.059999465942383,17.950000762939453,12507800.0,15.501932144165039
2009-07-28,17.959999084472656,17.09000015258789,17.719999313354492,17.34000015258789,10798500.0,14.975128173828125
2009-07-29,18.200000762939453,17.09000015258789,17.239999771118164,17.6200008392334,9760400.0,15.21694278717041
2009-07-30,18.979999542236328,17.90999984741211,17.90999984741211,18.93000030517578,12888300.0,16.348276138305664
2009-07-31,19.729999542236328,18.600000381469727,18.850000381469727,19.5,21346100.0,16.840543746948242
2009-08-03,19.989999771118164,18.920000076293945,19.979999542236328,19.8799991607666,10490100.0,17.168718338012695
2009-08-04,20.84000015258789,19.389999389648438,19.670000076293945,20.770000457763672,12385700.0,17.937334060668945
2009-08-05,21.6299991607666,20.770000457763672,20.84000015258789,21.489999771118164,11272100.0,18.55914306640625
2009-08-06,21.75,20.139999389648438,21.75,20.8799991607666,14818000.0,18.032331466674805
2009-08-07,22.06999969482422,20.889999389648438,21.3799991607666,21.780000686645508,12223900.0,18.80959129333496
2009-08-10,22.110000610351562,21.309999465942383,21.639999389648438,21.690000534057617,6443100.0,18.73186683654785
2009-08-11,21.670000076293945,20.010000228881836,21.540000915527344,20.329999923706055,9927700.0,17.55734634399414
2009-08-12,20.760000228881836,19.799999237060547,20.209999084472656,20.059999465942383,12465100.0,17.324167251586914
2009-08-13,21.479999542236328,20.100000381469727,20.280000686645508,21.270000457763672,11455200.0,18.3691463470459
2009-08-14,21.40999984741211,20.59000015258789,21.170000076293945,21.049999237060547,11110900.0,18.179153442382812
2009-08-17,20.559999465942383,19.639999389648438,20.18000030517578,20.06999969482422,10007900.0,17.332805633544922
2009-08-18,20.940000534057617,20.049999237060547,20.219999313354492,20.459999084472656,6805200.0,17.66961097717285
2009-08-19,20.81999969482422,19.920000076293945,20.040000915527344,20.610000610351562,9688700.0,17.79915428161621
2009-08-20,22.18000030517578,20.34000015258789,20.510000228881836,21.459999084472656,11238100.0,18.533235549926758
2009-08-21,22.950000762939453,21.219999313354492,21.780000686645508,22.639999389648438,13464100.0,19.55230140686035
2009-08-24,23.510000228881836,21.670000076293945,22.920000076293945,21.790000915527344,18974200.0,18.818225860595703
2009-08-25,22.700000762939453,21.770000457763672,22.100000381469727,21.979999542236328,10271200.0,18.98230743408203
2009-08-26,22.450000762939453,21.549999237060547,21.8799991607666,22.149999618530273,8124300.0,19.129133224487305
2009-08-27,23.030000686645508,21.899999618530273,22.040000915527344,23.010000228881836,9049400.0,19.871841430664062
2009-08-28,23.75,23.09000015258789,23.270000457763672,23.68000030517578,10320600.0,20.4593563079834
2009-08-31,23.5,22.950000762939453,23.110000610351562,23.3700008392334,8508100.0,20.19152069091797
2009-09-01,23.459999084472656,21.559999465942383,23.18000030517578,21.729999542236328,13306800.0,18.774564743041992
2009-09-02,21.600000381469727,20.040000915527344,21.56999969482422,20.170000076293945,18424000.0,17.426742553710938
2009-09-03,21.0,20.229999542236328,20.600000381469727,20.709999084472656,7385900.0,17.893295288085938
2009-09-04,20.790000915527344,20.15999984741211,20.770000457763672,20.760000228881836,9601800.0,17.93649673461914
2009-09-08,21.280000686645508,20.450000762939453,21.06999969482422,20.649999618530273,6230900.0,17.84145736694336
2009-09-09,21.40999984741211,20.299999237060547,20.5,21.1299991607666,7162300.0,18.25617027282715
2009-09-10,21.440000534057617,20.799999237060547,21.06999969482422,21.40999984741211,5333100.0,18.498085021972656
2009-09-11,22.079999923706055,21.299999237060547,21.559999465942383,21.889999389648438,8996700.0,18.912813186645508
2009-09-14,22.18000030517578,21.31999969482422,21.6299991607666,22.1299991607666,6858400.0,19.12016487121582
2009-09-15,23.059999465942383,21.950000762939453,22.1299991607666,22.75,14808500.0,19.655838012695312
2009-09-16,24.25,22.610000610351562,22.889999389648438,24.100000381469727,11295500.0,20.822233200073242
2009-09-17,24.43000030517578,23.309999465942383,24.190000534057617,23.770000457763672,11656300.0,20.537118911743164
2009-09-18,24.110000610351562,23.329999923706055,23.940000534057617,23.709999084472656,8403600.0,20.485279083251953
2009-09-21,23.56999969482422,22.899999618530273,23.40999984741211,23.15999984741211,7502700.0,20.010080337524414
2009-09-22,23.75,23.190000534057617,23.40999984741211,23.68000030517578,6244800.0,20.4593563079834
2009-09-23,24.0,23.360000610351562,23.479999542236328,23.43000030517578,7640700.0,20.243358612060547
2009-09-24,23.729999542236328,22.25,23.610000610351562,22.59000015258789,11079600.0,19.517601013183594
2009-09-25,22.579999923706055,21.729999542236328,22.329999923706055,22.270000457763672,5913500.0,19.24112892150879
2009-09-28,22.600000381469727,22.06999969482422,22.3700008392334,22.579999923706055,7809800.0,19.508960723876953
2009-09-29,22.969999313354492,22.3799991607666,22.6299991607666,22.549999237060547,5448300.0,19.48303985595703
2009-09-30,22.8799991607666,22.25,22.719999313354492,22.549999237060547,8169300.0,19.48303985595703
2009-10-01,22.43000030517578,21.149999618530273,22.3799991607666,21.229999542236328,11311900.0,18.342565536499023
2009-10-02,21.709999084472656,20.5,20.829999923706055,21.149999618530273,8337200.0,18.273448944091797
2009-10-05,21.920000076293945,21.06999969482422,21.440000534057617,21.8700008392334,7037800.0,18.895523071289062
2009-10-06,22.549999237060547,21.610000610351562,22.079999923706055,22.260000228881836,7797400.0,19.23248291015625
2009-10-07,22.5,21.799999237060547,22.06999969482422,22.31999969482422,4550100.0,19.284317016601562
2009-10-08,22.6200008392334,22.0,22.1200008392334,22.329999923706055,6709400.0,19.29296875
2009-10-09,22.65999984741211,22.15999984741211,22.229999542236328,22.5,3774100.0,19.439847946166992
2009-10-12,22.780000686645508,22.420000076293945,22.709999084472656,22.510000228881836,3219900.0,19.448486328125
2009-10-13,22.479999542236328,21.8700008392334,22.31999969482422,22.010000228881836,7132900.0,19.0164852142334
2009-10-14,22.700000762939453,22.25,22.6299991607666,22.459999084472656,8587600.0,19.405282974243164
2009-10-15,22.639999389648438,22.1200008392334,22.239999771118164,22.25,8674300.0,19.223844528198242
2009-10-16,21.90999984741211,21.34000015258789,21.770000457763672,21.709999084472656,7297900.0,18.757286071777344
2009-10-19,21.920000076293945,20.760000228881836,21.780000686645508,21.079999923706055,9570200.0,18.21296501159668
2009-10-20,21.049999237060547,20.06999969482422,20.920000076293945,20.81999969482422,9034900.0,17.98833465576172
2009-10-21,21.649999618530273,20.59000015258789,20.739999771118164,20.760000228881836,10745400.0,17.93649673461914
2009-10-22,22.440000534057617,20.049999237060547,21.280000686645508,21.850000381469727,16696900.0,18.87824249267578
2009-10-23,21.860000610351562,20.399999618530273,21.860000610351562,20.989999771118164,14237300.0,18.13521385192871
2009-10-26,20.639999389648438,19.530000686645508,20.219999313354492,19.850000381469727,19491500.0,17.150264739990234
2009-10-27,20.1299991607666,19.0,19.889999389648438,19.190000534057617,12603700.0,16.580026626586914
2009-10-28,19.6299991607666,18.450000762939453,19.219999313354492,18.889999389648438,17846300.0,16.32082748413086
2009-10-29,19.68000030517578,19.040000915527344,19.25,19.649999618530273,6868500.0,16.977458953857422
2009-10-30,20.3799991607666,18.899999618530273,19.75,19.110000610351562,14439800.0,16.510906219482422
2009-11-02,20.31999969482422,19.139999389648438,19.299999237060547,19.8799991607666,12294600.0,17.17618179321289
2009-11-03,19.940000534057617,19.260000228881836,19.530000686645508,19.65999984741211,7614200.0,16.986099243164062
2009-11-04,20.8799991607666,19.389999389648438,20.09000015258789,19.440000534057617,10325400.0,16.79602813720703
2009-11-05,20.290000915527344,19.299999237060547,19.579999923706055,20.270000457763672,10124000.0,17.51314353942871
2009-11-06,20.420000076293945,19.709999084472656,19.90999984741211,19.93000030517578,5909800.0,17.21938133239746
2009-11-09,21.010000228881836,19.940000534057617,20.290000915527344,21.0,7290600.0,18.143850326538086
2009-11-10,20.950000762939453,20.079999923706055,20.899999618530273,20.290000915527344,6851400.0,17.530424118041992
2009-11-11,21.190000534057617,20.350000381469727,20.5,21.06999969482422,7121900.0,18.204334259033203
2009-11-12,21.049999237060547,20.15999984741211,20.940000534057617,20.25,7809700.0,17.495859146118164
2009-11-13,20.68000030517578,19.920000076293945,20.31999969482422,20.06999969482422,5998000.0,17.340341567993164
2009-11-16,21.020000457763672,20.299999237060547,20.440000534057617,20.90999984741211,9200200.0,18.06609535217285
2009-11-17,21.950000762939453,20.790000915527344,20.84000015258789,21.860000610351562,13242100.0,18.886886596679688
2009-11-18,22.450000762939453,21.579999923706055,21.8700008392334,21.940000534057617,14111800.0,18.956005096435547
2009-11-19,21.989999771118164,21.43000030517578,21.43000030517578,21.860000610351562,7917000.0,18.886886596679688
2009-11-20,22.06999969482422,21.56999969482422,21.670000076293945,22.040000915527344,7218400.0,19.042409896850586
2009-11-23,23.350000381469727,22.260000228881836,22.260000228881836,23.149999618530273,11338100.0,20.001440048217773
2009-11-24,23.43000030517578,22.709999084472656,23.020000457763672,22.84000015258789,9812100.0,19.733600616455078
2009-11-25,23.100000381469727,22.639999389648438,23.040000915527344,22.700000762939453,4634300.0,19.61263656616211
2009-11-27,22.81999969482422,21.93000030517578,22.0,22.59000015258789,5473400.0,19.52620506286621
2009-11-30,23.700000762939453,22.600000381469727,22.6299991607666,23.6299991607666,8349700.0,20.42514991760254
2009-12-01,23.8700008392334,23.110000610351562,23.709999084472656,23.200000762939453,9605100.0,20.053478240966797
2009-12-02,24.09000015258789,22.889999389648438,23.899999618530273,23.290000915527344,16986600.0,20.13126564025879
2009-12-03,23.290000915527344,22.299999237060547,23.06999969482422,22.350000381469727,13948900.0,19.31875228881836
2009-12-04,23.030000686645508,22.40999984741211,22.84000015258789,22.799999237060547,10200300.0,19.70772933959961
2009-12-07,23.020000457763672,22.459999084472656,22.770000457763672,22.6200008392334,5514400.0,19.55213165283203
2009-12-08,22.84000015258789,22.219999313354492,22.299999237060547,22.5,4281100.0,19.448415756225586
2009-12-09,22.780000686645508,22.139999389648438,22.780000686645508,22.200000762939453,4579200.0,19.18910026550293
2009-12-10,22.389999389648438,21.84000015258789,22.25,21.920000076293945,4021400.0,18.947072982788086
2009-12-11,22.31999969482422,21.809999465942383,22.0,22.309999465942383,3721100.0,19.2841796875
2009-12-14,22.399999618530273,21.770000457763672,22.399999618530273,22.280000686645508,3829200.0,19.25824737548828
2009-12-15,22.170000076293945,20.799999237060547,22.100000381469727,21.0,12168700.0,18.15184783935547
2009-12-16,21.420000076293945,20.700000762939453,21.209999084472656,20.850000381469727,7636400.0,18.022192001342773
2009-12-17,21.200000762939453,20.5,20.649999618530273,20.579999923706055,7921400.0,17.788814544677734
2009-12-18,21.040000915527344,20.040000915527344,20.440000534057617,21.010000228881836,11278100.0,18.16049575805664
2009-12-21,21.25,20.780000686645508,20.969999313354492,21.229999542236328,4564900.0,18.350650787353516
2009-12-22,21.18000030517578,20.760000228881836,21.1299991607666,20.850000381469727,5423900.0,18.022192001342773
2009-12-23,20.93000030517578,20.25,20.799999237060547,20.280000686645508,4988900.0,17.529502868652344
2009-12-24,20.84000015258789,20.43000030517578,20.43000030517578,20.739999771118164,2008500.0,17.927114486694336
2009-12-28,20.90999984741211,20.450000762939453,20.6299991607666,20.549999237060547,3800900.0,17.762880325317383
2009-12-29,20.770000457763672,20.43000030517578,20.65999984741211,20.559999465942383,2665000.0,17.77151870727539
2009-12-30,20.5,20.06999969482422,20.399999618530273,20.18000030517578,3498500.0,17.443065643310547
2009-12-31,20.469999313354492,20.1299991607666,20.209999084472656,20.290000915527344,3784800.0,17.538150787353516
2010-01-04,20.690000534057617,20.209999084472656,20.649999618530273,20.440000534057617,6668600.0,17.667804718017578
2010-01-05,20.780000686645508,20.15999984741211,20.299999237060547,20.719999313354492,8285700.0,17.909826278686523
2010-01-06,21.469999313354492,20.329999923706055,20.6200008392334,21.299999237060547,8224800.0,18.41115951538086
2010-01-07,23.290000915527344,21.040000915527344,21.399999618530273,22.559999465942383,15574600.0,19.500272750854492
2010-01-08,23.040000915527344,22.31999969482422,22.43000030517578,23.010000228881836,6714700.0,19.889240264892578
2010-01-11,23.350000381469727,22.719999313354492,23.110000610351562,23.270000457763672,7180200.0,20.113981246948242
2010-01-12,23.100000381469727,22.3799991607666,23.030000686645508,22.450000762939453,9228700.0,19.405193328857422
2010-01-13,22.899999618530273,22.110000610351562,22.610000610351562,22.780000686645508,8276800.0,19.690433502197266
2010-01-14,23.989999771118164,22.65999984741211,22.780000686645508,23.700000762939453,7962100.0,20.48566436767578
2010-01-15,23.600000381469727,22.950000762939453,23.489999771118164,23.389999389648438,10337100.0,20.21770477294922
2010-01-19,23.469999313354492,23.0,23.280000686645508,23.350000381469727,5851900.0,20.183128356933594
2010-01-20,23.93000030517578,23.110000610351562,23.260000228881836,23.420000076293945,8259000.0,20.243637084960938
2010-01-21,25.889999389648438,23.510000228881836,23.530000686645508,24.530000686645508,18108000.0,21.203094482421875
2010-01-22,25.670000076293945,23.65999984741211,24.520000457763672,24.549999237060547,20884600.0,21.22037696838379
2010-01-25,24.700000762939453,23.059999465942383,24.540000915527344,24.0,12374200.0,20.744976043701172
2010-01-26,24.3799991607666,23.459999084472656,23.719999313354492,23.6200008392334,9918600.0,20.416513442993164
2010-01-27,24.809999465942383,23.440000534057617,23.56999969482422,24.700000762939453,11197700.0,21.350038528442383
2010-01-28,26.200000762939453,24.56999969482422,26.010000228881836,24.809999465942383,20523500.0,21.445110321044922
2010-01-29,24.770000457763672,24.200000762939453,24.59000015258789,24.329999923706055,13430100.0,21.030208587646484
2010-02-01,24.579999923706055,23.639999389648438,24.459999084472656,24.5,11481000.0,21.177156448364258
2010-02-02,24.68000030517578,23.979999542236328,24.5,24.270000457763672,11749100.0,20.978357315063477
2010-02-03,24.049999237060547,22.860000610351562,24.049999237060547,23.270000457763672,13874900.0,20.113981246948242
2010-02-04,23.299999237060547,21.920000076293945,23.219999313354492,22.0,12493100.0,19.0162296295166
2010-02-05,22.670000076293945,21.440000534057617,21.959999084472656,22.489999771118164,9157500.0,19.43976593017578
2010-02-08,23.09000015258789,21.84000015258789,22.3700008392334,22.399999618530273,7662000.0,19.36197280883789
2010-02-09,23.06999969482422,22.399999618530273,22.610000610351562,22.690000534057617,5773100.0,19.612638473510742
2010-02-10,23.40999984741211,22.489999771118164,22.59000015258789,22.989999771118164,5819800.0,19.8719539642334
2010-02-11,23.0,22.3799991607666,22.940000534057617,22.479999542236328,9105600.0,19.43112564086914
2010-02-12,22.399999618530273,21.799999237060547,22.260000228881836,22.3700008392334,8346600.0,19.33603858947754
2010-02-16,22.889999389648438,22.530000686645508,22.709999084472656,22.690000534057617,9008200.0,19.612638473510742
2010-02-17,23.020000457763672,22.40999984741211,22.90999984741211,22.600000381469727,9022600.0,19.534852981567383
2010-02-18,22.780000686645508,22.079999923706055,22.440000534057617,22.6200008392334,9492600.0,19.55213165283203
2010-02-19,23.1200008392334,22.649999618530273,22.649999618530273,23.030000686645508,7952400.0,19.90652847290039
2010-02-22,23.899999618530273,23.049999237060547,23.15999984741211,23.649999618530273,7016700.0,20.44244384765625
2010-02-23,23.739999771118164,22.690000534057617,23.709999084472656,22.760000228881836,7776400.0,19.67314910888672
2010-02-24,23.8700008392334,22.770000457763672,22.850000381469727,23.770000457763672,8697700.0,20.54616928100586
2010-02-25,23.549999237060547,22.93000030517578,23.389999389648438,23.520000457763672,6841500.0,20.338632583618164
2010-02-26,23.860000610351562,23.190000534057617,23.59000015258789,23.809999465942383,6849400.0,20.58940315246582
2010-03-01,23.860000610351562,23.299999237060547,23.780000686645508,23.639999389648438,4387400.0,20.442399978637695
2010-03-02,24.719999313354492,23.670000076293945,23.670000076293945,24.43000030517578,7656800.0,21.125539779663086
2010-03-03,24.639999389648438,24.079999923706055,24.510000228881836,24.15999984741211,3923000.0,20.892059326171875
2010-03-04,24.440000534057617,24.0,24.170000076293945,24.3799991607666,4261700.0,21.082305908203125
2010-03-05,25.09000015258789,24.350000381469727,24.450000762939453,25.059999465942383,4957700.0,21.67032241821289
2010-03-08,25.899999618530273,24.959999084472656,25.020000457763672,25.639999389648438,7261400.0,22.171871185302734
2010-03-09,26.450000762939453,25.06999969482422,25.350000381469727,25.829999923706055,10527600.0,22.336170196533203
2010-03-10,27.25,25.920000076293945,26.020000457763672,26.489999771118164,12603900.0,22.906898498535156
2010-03-11,27.1299991607666,26.280000686645508,26.690000534057617,27.079999923706055,6651300.0,23.417097091674805
2010-03-12,28.0,26.760000228881836,27.549999237060547,26.860000610351562,8986700.0,23.226852416992188
2010-03-15,27.389999389648438,26.719999313354492,26.719999313354492,26.989999771118164,7235600.0,23.339265823364258
2010-03-16,27.450000762939453,26.809999465942383,27.149999618530273,27.3799991607666,6803500.0,23.676517486572266
2010-03-17,28.389999389648438,27.270000457763672,27.299999237060547,28.09000015258789,7544700.0,24.290483474731445
2010-03-18,28.1299991607666,27.1200008392334,28.0,27.3799991607666,6382000.0,23.676517486572266
2010-03-19,27.799999237060547,26.889999389648438,27.18000030517578,27.18000030517578,6921100.0,23.503568649291992
2010-03-22,27.149999618530273,26.389999389648438,26.389999389648438,27.09000015258789,7136600.0,23.425743103027344
2010-03-23,27.09000015258789,26.15999984741211,27.020000457763672,26.8700008392334,7817900.0,23.235502243041992
2010-03-24,27.299999237060547,26.670000076293945,26.670000076293945,27.260000228881836,6019100.0,23.572742462158203
2010-03-25,27.649999618530273,26.540000915527344,27.540000915527344,26.56999969482422,8430600.0,22.976076126098633
2010-03-26,27.06999969482422,26.25,26.709999084472656,26.5,8355800.0,22.915550231933594
2010-03-29,26.760000228881836,26.18000030517578,26.700000762939453,26.34000015258789,3207100.0,22.777189254760742
2010-03-30,26.75,26.149999618530273,26.350000381469727,26.34000015258789,3405300.0,22.777189254760742
2010-03-31,26.899999618530273,26.149999618530273,26.209999084472656,26.790000915527344,5623100.0,23.166324615478516
2010-04-01,27.229999542236328,26.84000015258789,26.969999313354492,27.15999984741211,4972600.0,23.486276626586914
2010-04-05,27.790000915527344,27.049999237060547,27.299999237060547,27.739999771118164,6325800.0,23.987823486328125
2010-04-06,28.969999313354492,27.43000030517578,27.520000457763672,28.709999084472656,8129100.0,24.82662010192871
2010-04-07,29.40999984741211,28.34000015258789,29.0,28.530000686645508,7916400.0,24.67097282409668
2010-04-08,28.600000381469727,27.719999313354492,28.18000030517578,28.559999465942383,6717200.0,24.6969051361084
2010-04-09,28.81999969482422,28.239999771118164,28.700000762939453,28.649999618530273,4002800.0,24.774734497070312
2010-04-12,29.639999389648438,28.790000915527344,28.90999984741211,29.440000534057617,6926200.0,25.457874298095703
2010-04-13,29.280000686645508,28.709999084472656,29.280000686645508,29.020000457763672,5441900.0,25.09468650817871
2010-04-14,30.290000915527344,29.170000076293945,29.309999465942383,30.280000686645508,8111900.0,26.18425178527832
2010-04-15,30.420000076293945,29.59000015258789,30.260000228881836,29.770000457763672,6805200.0,25.743236541748047
2010-04-16,29.639999389648438,27.639999389648438,29.639999389648438,28.479999542236328,14849900.0,24.627731323242188
2010-04-19,29.049999237060547,27.979999542236328,28.1200008392334,28.969999313354492,8845800.0,25.051448822021484
2010-04-20,30.290000915527344,28.760000228881836,29.010000228881836,30.190000534057617,8139600.0,26.106428146362305
2010-04-21,31.420000076293945,29.290000915527344,29.670000076293945,29.719999313354492,13490600.0,25.69999885559082
2010-04-22,29.459999084472656,28.399999618530273,29.239999771118164,29.31999969482422,9776300.0,25.354106903076172
2010-04-23,29.780000686645508,29.06999969482422,29.399999618530273,29.440000534057617,6465800.0,25.457874298095703
2010-04-26,29.610000610351562,28.239999771118164,29.43000030517578,28.3700008392334,5089500.0,24.532608032226562
2010-04-27,29.299999237060547,27.68000030517578,28.06999969482422,27.790000915527344,11376500.0,24.031057357788086
2010-04-28,29.450000762939453,28.3700008392334,28.399999618530273,29.1200008392334,10329500.0,25.181163787841797
2010-04-29,29.889999389648438,28.93000030517578,29.510000228881836,29.700000762939453,5949100.0,25.682708740234375
2010-04-30,29.969999313354492,29.40999984741211,29.489999771118164,29.600000381469727,6206700.0,25.596227645874023
2010-05-03,30.489999771118164,29.489999771118164,29.8700008392334,30.440000534057617,5437200.0,26.322614669799805
2010-05-04,30.190000534057617,28.959999084472656,30.040000915527344,29.149999618530273,5484100.0,25.207101821899414
2010-05-05,30.100000381469727,28.309999465942383,28.790000915527344,29.399999618530273,5197600.0,25.423280715942383
2010-05-06,29.809999465942383,26.290000915527344,29.190000534057617,28.040000915527344,10736100.0,24.24724578857422
2010-05-07,28.649999618530273,26.950000762939453,28.100000381469727,27.459999084472656,9946400.0,23.745695114135742
2010-05-10,29.649999618530273,28.31999969482422,28.969999313354492,29.100000381469727,7033800.0,25.163862228393555
2010-05-11,30.670000076293945,28.520000457763672,28.6200008392334,30.450000762939453,9846300.0,26.331260681152344
2010-05-12,31.920000076293945,30.43000030517578,30.579999923706055,31.850000381469727,9586300.0,27.541894912719727
2010-05-13,32.02000045776367,31.219999313354492,31.670000076293945,31.270000457763672,5949100.0,27.040348052978516
2010-05-14,30.969999313354492,29.290000915527344,30.780000686645508,29.81999969482422,8496000.0,25.786474227905273
2010-05-17,30.25,28.8799991607666,29.799999237060547,29.8799991607666,7027000.0,25.83835792541504
2010-05-18,30.219999313354492,27.469999313354492,30.190000534057617,28.030000686645508,15095800.0,24.23859405517578
2010-05-19,28.649999618530273,27.0,27.670000076293945,27.540000915527344,10597700.0,23.81487464904785
2010-05-20,27.219999313354492,26.149999618530273,26.81999969482422,26.209999084472656,11681200.0,22.66476821899414
2010-05-21,27.270000457763672,25.3799991607666,25.5,26.989999771118164,11751400.0,23.339265823364258
2010-05-24,26.8799991607666,25.34000015258789,26.209999084472656,25.399999618530273,8944600.0,21.964332580566406
2010-05-25,26.31999969482422,24.389999389648438,24.729999542236328,26.309999465942383,9102600.0,22.751249313354492
2010-05-26,27.059999465942383,26.100000381469727,26.84000015258789,26.559999465942383,9178000.0,22.967435836791992
2010-05-27,27.690000534057617,26.440000534057617,27.1200008392334,27.610000610351562,7665100.0,23.884397506713867
2010-05-28,27.729999542236328,26.670000076293945,27.579999923706055,26.950000762939453,5347900.0,23.313453674316406
2010-06-01,27.190000534057617,26.100000381469727,26.579999923706055,26.170000076293945,6479000.0,22.638708114624023
2010-06-02,27.260000228881836,26.06999969482422,26.31999969482422,27.260000228881836,7342000.0,23.581626892089844
2010-06-03,27.59000015258789,26.68000030517578,27.520000457763672,26.899999618530273,5014200.0,23.27020263671875
2010-06-04,26.3799991607666,24.920000076293945,26.34000015258789,25.030000686645508,10624100.0,21.652530670166016
2010-06-07,25.520000457763672,24.40999984741211,25.15999984741211,24.43000030517578,7112200.0,21.13349723815918
2010-06-08,25.260000228881836,24.299999237060547,24.670000076293945,25.110000610351562,9766800.0,21.721744537353516
2010-06-09,25.530000686645508,24.639999389648438,25.399999618530273,24.729999542236328,6938500.0,21.393016815185547
2010-06-10,25.920000076293945,24.940000534057617,25.100000381469727,25.829999923706055,6372300.0,22.344587326049805
2010-06-11,25.920000076293945,25.15999984741211,25.389999389648438,25.889999389648438,5028600.0,22.396486282348633
2010-06-14,26.31999969482422,25.510000228881836,25.979999542236328,25.690000534057617,4824200.0,22.223474502563477
2010-06-15,26.440000534057617,25.809999465942383,26.1299991607666,26.3700008392334,6261100.0,22.811725616455078
2010-06-16,26.5,26.0,26.229999542236328,26.360000610351562,5834000.0,22.803064346313477
2010-06-17,26.56999969482422,25.969999313354492,26.280000686645508,26.239999771118164,4528300.0,22.699256896972656
2010-06-18,26.540000915527344,26.09000015258789,26.31999969482422,26.200000762939453,5317100.0,22.664661407470703
2010-06-21,26.6299991607666,25.709999084472656,26.6200008392334,25.850000381469727,5786800.0,22.361888885498047
2010-06-22,25.93000030517578,25.190000534057617,25.899999618530273,25.239999771118164,6468200.0,21.834205627441406
2010-06-23,25.709999084472656,24.65999984741211,25.299999237060547,25.270000457763672,5731500.0,21.860151290893555
2010-06-24,25.139999389648438,24.280000686645508,25.079999923706055,24.3700008392334,7481700.0,21.081594467163086
2010-06-25,25.969999313354492,24.510000228881836,24.739999771118164,25.510000228881836,10215000.0,22.067768096923828
2010-06-28,25.700000762939453,24.920000076293945,25.670000076293945,25.15999984741211,5520800.0,21.76499366760254
2010-06-29,24.809999465942383,23.280000686645508,24.600000381469727,23.440000534057617,10280200.0,20.277084350585938
2010-06-30,24.040000915527344,23.1200008392334,23.5,23.299999237060547,7704100.0,20.155977249145508
2010-07-01,23.5,21.790000915527344,23.260000228881836,22.799999237060547,13868400.0,19.723447799682617
2010-07-02,23.030000686645508,22.110000610351562,23.030000686645508,22.440000534057617,6596200.0,19.412017822265625
2010-07-06,23.0,22.3700008392334,22.969999313354492,22.6200008392334,9352600.0,19.567729949951172
2010-07-07,24.559999465942383,22.709999084472656,22.84000015258789,24.479999542236328,14179300.0,21.17674446105957
2010-07-08,24.959999084472656,24.049999237060547,24.959999084472656,24.670000076293945,8224100.0,21.341108322143555
2010-07-09,25.540000915527344,24.459999084472656,24.549999237060547,25.459999084472656,5418900.0,22.024511337280273
2010-07-12,25.479999542236328,24.799999237060547,25.1200008392334,25.18000030517578,3314300.0,21.78229522705078
2010-07-13,26.3700008392334,25.5,25.540000915527344,26.18000030517578,6304600.0,22.64735984802246
2010-07-14,25.93000030517578,24.979999542236328,25.93000030517578,25.459999084472656,6956200.0,22.024511337280273
2010-07-15,25.579999923706055,24.420000076293945,25.579999923706055,25.190000534057617,6879400.0,21.79094696044922
2010-07-16,24.81999969482422,23.1299991607666,24.81999969482422,23.309999465942383,10861800.0,20.164623260498047
2010-07-19,23.530000686645508,22.59000015258789,23.3799991607666,23.3700008392334,6442600.0,20.216529846191406
2010-07-20,23.079999923706055,22.440000534057617,22.809999465942383,23.06999969482422,9666900.0,19.957014083862305
2010-07-21,23.860000610351562,22.31999969482422,23.459999084472656,22.420000076293945,9265600.0,19.39472198486328
2010-07-22,24.889999389648438,23.649999618530273,24.010000228881836,24.579999923706055,12281100.0,21.26325798034668
2010-07-23,25.149999618530273,24.020000457763672,24.360000610351562,25.040000915527344,7169100.0,21.661182403564453
2010-07-26,26.420000076293945,24.8799991607666,25.18000030517578,26.3799991607666,8780200.0,22.82036781311035
2010-07-27,27.049999237060547,26.15999984741211,26.68000030517578,26.270000457763672,7230300.0,22.725208282470703
2010-07-28,26.299999237060547,25.829999923706055,26.100000381469727,25.989999771118164,4776300.0,22.482994079589844
2010-07-29,26.420000076293945,25.510000228881836,26.25,25.959999084472656,5931600.0,22.45704460144043
2010-07-30,26.1299991607666,25.420000076293945,25.530000686645508,25.950000762939453,4405100.0,22.448392868041992
2010-08-02,26.760000228881836,26.190000534057617,26.5,26.6299991607666,4755300.0,23.036640167236328
2010-08-03,26.770000457763672,26.25,26.489999771118164,26.3700008392334,5246700.0,22.811725616455078
2010-08-04,26.579999923706055,26.0,26.43000030517578,26.190000534057617,3966400.0,22.65601348876953
2010-08-05,26.420000076293945,25.75,26.059999465942383,26.34000015258789,4580300.0,22.7857723236084
2010-08-06,26.1200008392334,25.170000076293945,26.079999923706055,25.850000381469727,4949600.0,22.361888885498047
2010-08-09,26.149999618530273,25.489999771118164,26.0,25.8799991607666,4833100.0,22.387836456298828
2010-08-10,26.260000228881836,25.3700008392334,25.549999237060547,25.989999771118164,5869000.0,22.482994079589844
2010-08-11,25.559999465942383,24.3799991607666,25.43000030517578,24.459999084472656,7481900.0,21.15945053100586
2010-08-12,24.559999465942383,23.940000534057617,24.049999237060547,24.299999237060547,5942900.0,21.021034240722656
2010-08-13,24.729999542236328,24.229999542236328,24.260000228881836,24.389999389648438,3953900.0,21.098894119262695
2010-08-16,24.459999084472656,24.020000457763672,24.239999771118164,24.360000610351562,3863000.0,21.072940826416016
2010-08-17,24.760000228881836,24.110000610351562,24.709999084472656,24.139999389648438,4773500.0,20.88262176513672
2010-08-18,24.940000534057617,23.860000610351562,24.139999389648438,24.670000076293945,6239600.0,21.341108322143555
2010-08-19,25.100000381469727,24.190000534057617,24.520000457763672,24.219999313354492,7064400.0,20.95182991027832
2010-08-20,24.239999771118164,23.59000015258789,24.0,24.0,5304100.0,20.761526107788086
2010-08-23,24.600000381469727,24.0,24.229999542236328,24.020000457763672,3864600.0,20.77882194519043
2010-08-24,23.719999313354492,23.139999389648438,23.56999969482422,23.18000030517578,5057000.0,20.052169799804688
2010-08-25,23.100000381469727,22.329999923706055,23.0,22.8799991607666,7042700.0,19.792646408081055
2010-08-26,23.329999923706055,22.149999618530273,22.989999771118164,22.350000381469727,7092800.0,19.334165573120117
2010-08-27,22.709999084472656,21.940000534057617,22.5,22.670000076293945,6151400.0,19.610986709594727
2010-08-30,22.84000015258789,22.3700008392334,22.6200008392334,22.389999389648438,6018000.0,19.377315521240234
2010-08-31,22.780000686645508,22.049999237060547,22.280000686645508,22.510000228881836,6821200.0,19.481170654296875
2010-09-01,23.690000534057617,22.6200008392334,22.889999389648438,23.649999618530273,7128400.0,20.467782974243164
2010-09-02,23.979999542236328,23.34000015258789,23.610000610351562,23.950000762939453,5391300.0,20.7274112701416
2010-09-03,24.540000915527344,23.8799991607666,24.34000015258789,24.18000030517578,4297200.0,20.92646598815918
2010-09-07,23.969999313354492,23.3700008392334,23.850000381469727,23.399999618530273,4127100.0,20.25141143798828
2010-09-08,24.280000686645508,23.549999237060547,23.559999465942383,24.06999969482422,4774600.0,20.831260681152344
2010-09-09,24.969999313354492,24.420000076293945,24.530000686645508,24.770000457763672,6480800.0,21.437084197998047
2010-09-10,24.899999618530273,24.399999618530273,24.829999923706055,24.520000457763672,4892600.0,21.22071647644043
2010-09-13,25.56999969482422,24.979999542236328,25.040000915527344,25.309999465942383,7157900.0,21.9044132232666
2010-09-14,26.479999542236328,24.799999237060547,25.229999542236328,25.90999984741211,15399600.0,22.423675537109375
2010-09-15,26.309999465942383,25.360000610351562,25.68000030517578,26.260000228881836,9961500.0,22.726587295532227
2010-09-16,26.18000030517578,25.639999389648438,26.18000030517578,25.84000015258789,5734100.0,22.363100051879883
2010-09-17,26.100000381469727,25.690000534057617,25.899999618530273,25.959999084472656,6769300.0,22.466955184936523
2010-09-20,26.3799991607666,25.8799991607666,26.020000457763672,26.280000686645508,6367200.0,22.7439022064209
2010-09-21,26.549999237060547,25.790000915527344,26.469999313354492,25.84000015258789,6743200.0,22.363100051879883
2010-09-22,26.190000534057617,25.399999618530273,25.760000228881836,25.469999313354492,4541100.0,22.042879104614258
2010-09-23,25.649999618530273,24.719999313354492,25.18000030517578,24.860000610351562,5038200.0,21.514965057373047
2010-09-24,26.040000915527344,25.18000030517578,25.34000015258789,26.040000915527344,5286300.0,22.536191940307617
2010-09-27,26.260000228881836,25.780000686645508,26.020000457763672,25.829999923706055,6311600.0,22.354446411132812
2010-09-28,26.1200008392334,25.510000228881836,25.8700008392334,25.959999084472656,4196600.0,22.466955184936523
2010-09-29,26.020000457763672,25.399999618530273,25.709999084472656,25.799999237060547,5393000.0,22.328481674194336
2010-09-30,26.510000228881836,25.760000228881836,26.040000915527344,25.829999923706055,6938300.0,22.354446411132812
2010-10-01,26.329999923706055,25.8799991607666,26.1299991607666,26.100000381469727,5390300.0,22.58812141418457
2010-10-04,26.43000030517578,25.81999969482422,26.030000686645508,26.1299991607666,6245100.0,22.61408042907715
2010-10-05,27.389999389648438,26.1299991607666,26.329999923706055,27.260000228881836,10098300.0,23.5920352935791
2010-10-06,27.75,27.299999237060547,27.299999237060547,27.639999389648438,8529700.0,23.920900344848633
2010-10-07,28.059999465942383,26.780000686645508,27.760000228881836,26.899999618530273,7540700.0,23.280475616455078
2010-10-08,27.18000030517578,26.56999969482422,26.979999542236328,26.829999923706055,6110400.0,23.219892501831055
2010-10-11,27.020000457763672,26.65999984741211,26.81999969482422,26.93000030517578,4100800.0,23.306434631347656
2010-10-12,27.459999084472656,26.670000076293945,26.8700008392334,27.3700008392334,5300200.0,23.687232971191406
2010-10-13,27.770000457763672,26.579999923706055,27.520000457763672,26.709999084472656,6978700.0,23.116037368774414
2010-10-14,26.399999618530273,24.969999313354492,26.309999465942383,25.579999923706055,11744100.0,22.138078689575195
2010-10-15,25.899999618530273,24.190000534057617,25.81999969482422,24.3799991607666,14150600.0,21.09955596923828
2010-10-18,24.899999618530273,24.030000686645508,24.270000457763672,24.68000030517578,10548300.0,21.35918617248535
2010-10-19,25.43000030517578,24.34000015258789,24.34000015258789,24.739999771118164,10871600.0,21.411117553710938
2010-10-20,25.559999465942383,23.889999389648438,24.700000762939453,25.450000762939453,15506200.0,22.025577545166016
2010-10-21,26.93000030517578,25.979999542236328,26.049999237060547,26.59000015258789,14649500.0,23.012182235717773
2010-10-22,26.75,26.010000228881836,26.25,26.200000762939453,5134400.0,22.67466163635254
2010-10-25,26.56999969482422,25.34000015258789,26.549999237060547,25.510000228881836,6811200.0,22.077505111694336
2010-10-26,25.709999084472656,24.989999771118164,25.420000076293945,25.600000381469727,6725500.0,22.1553955078125
2010-10-27,25.850000381469727,25.229999542236328,25.3700008392334,25.3799991607666,6275300.0,21.96499252319336
2010-10-28,25.780000686645508,24.8700008392334,25.600000381469727,25.34000015258789,6227000.0,21.930376052856445
2010-10-29,25.3799991607666,25.010000228881836,25.18000030517578,25.010000228881836,3692900.0,21.644784927368164
2010-11-01,25.299999237060547,24.229999542236328,25.1299991607666,24.649999618530273,8313700.0,21.333227157592773
2010-11-02,25.06999969482422,24.280000686645508,24.920000076293945,24.40999984741211,5171200.0,21.125513076782227
2010-11-03,25.170000076293945,24.489999771118164,24.489999771118164,25.149999618530273,6859500.0,21.76594352722168
2010-11-04,26.520000457763672,25.3799991607666,25.3799991607666,26.40999984741211,8306800.0,22.85640525817871
2010-11-05,27.719999313354492,26.34000015258789,26.530000686645508,26.469999313354492,10540500.0,22.90833282470703
2010-11-08,26.68000030517578,26.040000915527344,26.3700008392334,26.329999923706055,4752000.0,22.78716468811035
2010-11-09,26.649999618530273,25.920000076293945,26.350000381469727,26.040000915527344,5383500.0,22.536191940307617
2010-11-10,26.299999237060547,25.479999542236328,26.100000381469727,26.040000915527344,7592100.0,22.536191940307617
2010-11-11,26.06999969482422,25.459999084472656,25.610000610351562,25.709999084472656,5180200.0,22.25058937072754
2010-11-12,25.75,24.829999923706055,25.510000228881836,25.110000610351562,4020800.0,21.7313289642334
2010-11-15,25.65999984741211,25.170000076293945,25.170000076293945,25.270000457763672,3431400.0,21.86980438232422
2010-11-16,25.15999984741211,24.149999618530273,25.079999923706055,24.84000015258789,7530100.0,21.497657775878906
2010-11-17,24.809999465942383,24.09000015258789,24.809999465942383,24.1200008392334,6755900.0,20.87453842163086
2010-11-18,24.68000030517578,24.0,24.43000030517578,24.06999969482422,6866800.0,20.831260681152344
2010-11-19,24.170000076293945,23.68000030517578,23.90999984741211,24.15999984741211,6241100.0,20.909151077270508
2010-11-22,24.100000381469727,23.719999313354492,23.920000076293945,23.84000015258789,4103700.0,20.63220977783203
2010-11-23,24.049999237060547,23.290000915527344,23.559999465942383,23.399999618530273,8080900.0,20.25141143798828
2010-11-24,24.0,23.34000015258789,23.549999237060547,23.989999771118164,5248200.0,20.762027740478516
2010-11-26,23.829999923706055,23.5,23.68000030517578,23.579999923706055,2084700.0,20.41570472717285
2010-11-29,23.969999313354492,23.25,23.43000030517578,23.75,5800200.0,20.562885284423828
2010-11-30,23.6299991607666,23.34000015258789,23.520000457763672,23.360000610351562,5606300.0,20.22522735595703
2010-12-01,24.100000381469727,23.549999237060547,23.8700008392334,24.0,6397700.0,20.779346466064453
2010-12-02,25.40999984741211,24.0,24.049999237060547,25.3799991607666,8116000.0,21.974153518676758
2010-12-03,25.860000610351562,25.030000686645508,25.299999237060547,25.739999771118164,5203000.0,22.285846710205078
2010-12-06,25.739999771118164,25.389999389648438,25.549999237060547,25.59000015258789,3526700.0,22.15597152709961
2010-12-07,26.18000030517578,25.299999237060547,26.0,25.510000228881836,6976000.0,22.086713790893555
2010-12-08,26.670000076293945,25.530000686645508,25.59000015258789,26.450000762939453,7280200.0,22.900564193725586
2010-12-09,27.219999313354492,26.68000030517578,26.780000686645508,27.020000457763672,6563800.0,23.394075393676758
2010-12-10,27.670000076293945,26.93000030517578,27.1299991607666,27.579999923706055,5817800.0,23.878931045532227
2010-12-13,27.530000686645508,26.860000610351562,27.530000686645508,27.25,6193600.0,23.593210220336914
2010-12-14,27.5,26.90999984741211,27.229999542236328,26.989999771118164,5471400.0,23.368101119995117
2010-12-15,26.81999969482422,25.860000610351562,26.459999084472656,26.010000228881836,8393400.0,22.51961326599121
2010-12-16,26.43000030517578,25.719999313354492,26.059999465942383,25.860000610351562,6690500.0,22.38974380493164
2010-12-17,27.18000030517578,25.940000534057617,26.149999618530273,27.040000915527344,9616000.0,23.411396026611328
2010-12-20,27.209999084472656,26.799999237060547,26.969999313354492,27.049999237060547,5269000.0,23.42005157470703
2010-12-21,28.1200008392334,27.360000610351562,27.450000762939453,27.860000610351562,7441700.0,24.121353149414062
2010-12-22,29.360000610351562,28.149999618530273,28.15999984741211,28.850000381469727,8902200.0,24.97850227355957
2010-12-23,28.899999618530273,28.6200008392334,28.6200008392334,28.690000534057617,4611300.0,24.839975357055664
2010-12-27,29.3799991607666,28.530000686645508,28.56999969482422,29.299999237060547,3334100.0,25.368114471435547
2010-12-28,29.81999969482422,29.280000686645508,29.329999923706055,29.65999984741211,3545500.0,25.679798126220703
2010-12-29,29.65999984741211,29.25,29.579999923706055,29.350000381469727,2990900.0,25.411399841308594
2010-12-30,29.479999542236328,29.059999465942383,29.350000381469727,29.389999389648438,2704700.0,25.44603729248047
2010-12-31,29.670000076293945,29.190000534057617,29.290000915527344,29.510000228881836,2199900.0,25.549936294555664
2011-01-03,30.350000381469727,29.729999542236328,29.940000534057617,30.239999771118164,6294300.0,26.181970596313477
2011-01-04,30.799999237060547,29.489999771118164,30.690000534057617,29.670000076293945,7240200.0,25.68846321105957
2011-01-05,30.139999389648438,29.469999313354492,29.600000381469727,29.75,7791300.0,25.757728576660156
2011-01-06,29.81999969482422,28.459999084472656,29.3700008392334,28.649999618530273,10316900.0,24.805339813232422
2011-01-07,28.920000076293945,28.0,28.760000228881836,28.799999237060547,9105400.0,24.93521499633789
2011-01-10,28.889999389648438,28.149999618530273,28.43000030517578,28.469999313354492,4372800.0,24.649497985839844
2011-01-11,29.139999389648438,28.520000457763672,28.59000015258789,28.8799991607666,5378800.0,25.004474639892578
2011-01-12,29.450000762939453,28.809999465942383,29.239999771118164,28.90999984741211,4928200.0,25.030445098876953
2011-01-13,29.0,28.15999984741211,28.959999084472656,28.350000381469727,5769200.0,24.545597076416016
2011-01-14,29.280000686645508,28.280000686645508,28.329999923706055,28.920000076293945,6552000.0,25.039112091064453
2011-01-18,29.399999618530273,28.549999237060547,28.709999084472656,29.25,5901900.0,25.32482147216797
2011-01-19,29.170000076293945,28.149999618530273,28.889999389648438,28.3799991607666,4441600.0,24.57157325744629
2011-01-20,28.18000030517578,27.3799991607666,28.1200008392334,27.8700008392334,6649700.0,24.1300106048584
2011-01-21,29.920000076293945,29.100000381469727,29.690000534057617,29.5,9818600.0,25.541275024414062
2011-01-24,29.510000228881836,28.959999084472656,29.43000030517578,29.059999465942383,5221500.0,25.16032600402832
2011-01-25,29.399999618530273,28.510000228881836,28.940000534057617,29.18000030517578,4956100.0,25.26422119140625
2011-01-26,29.469999313354492,28.940000534057617,29.309999465942383,29.309999465942383,4673000.0,25.37677001953125
2011-01-27,30.139999389648438,29.350000381469727,29.610000610351562,30.1200008392334,5803000.0,26.078081130981445
2011-01-28,30.559999465942383,29.540000915527344,30.059999465942383,29.579999923706055,6159700.0,25.610538482666016
2011-01-31,30.520000457763672,29.510000228881836,29.670000076293945,30.43000030517578,5826400.0,26.346481323242188
2011-02-01,31.6299991607666,30.610000610351562,30.670000076293945,31.309999465942383,7415000.0,27.108386993408203
2011-02-02,31.229999542236328,30.3799991607666,31.139999389648438,30.790000915527344,4978100.0,26.65816879272461
2011-02-03,31.59000015258789,30.559999465942383,30.700000762939453,31.510000228881836,4758500.0,27.281543731689453
2011-02-04,31.559999465942383,31.030000686645508,31.489999771118164,31.5,5221700.0,27.272891998291016
2011-02-07,32.189998626708984,31.600000381469727,31.68000030517578,31.860000610351562,3976600.0,27.584579467773438
2011-02-08,32.27000045776367,31.520000457763672,31.8700008392334,32.27000045776367,3731700.0,27.939552307128906
2011-02-09,32.599998474121094,31.75,32.040000915527344,31.969999313354492,5100200.0,27.679819107055664
2011-02-10,32.11000061035156,31.229999542236328,31.739999771118164,31.59000015258789,4632000.0,27.35080909729004
2011-02-11,32.91999816894531,31.15999984741211,31.459999084472656,32.529998779296875,5383500.0,28.16466522216797
2011-02-14,32.560001373291016,32.11000061035156,32.45000076293945,32.349998474121094,2980500.0,28.008819580078125
2011-02-15,33.13999938964844,32.150001525878906,32.209999084472656,32.59000015258789,5885500.0,28.21662139892578
2011-02-16,32.91999816894531,32.18000030517578,32.7599983215332,32.349998474121094,4507800.0,28.008819580078125
2011-02-17,32.15999984741211,31.6200008392334,32.060001373291016,31.649999618530273,4132300.0,27.40276336669922
2011-02-18,31.979999542236328,31.5,31.719999313354492,31.739999771118164,4016500.0,27.48067855834961
2011-02-22,31.280000686645508,30.399999618530273,31.1299991607666,30.56999969482422,5127000.0,26.46768569946289
2011-02-23,30.93000030517578,29.93000030517578,30.59000015258789,30.6200008392334,4389400.0,26.510984420776367
2011-02-24,30.639999389648438,29.700000762939453,30.5,29.940000534057617,5525100.0,25.93069839477539
2011-02-25,31.15999984741211,30.200000762939453,30.219999313354492,30.81999969482422,5974100.0,26.692855834960938
2011-02-28,31.030000686645508,30.100000381469727,30.950000762939453,30.170000076293945,4760800.0,26.12989616394043
2011-03-01,30.389999389648438,29.3700008392334,30.389999389648438,29.40999984741211,4958100.0,25.471664428710938
2011-03-02,29.829999923706055,29.149999618530273,29.389999389648438,29.3700008392334,2904500.0,25.437026977539062
2011-03-03,30.25,29.729999542236328,29.729999542236328,30.139999389648438,3569200.0,26.10391616821289
2011-03-04,30.170000076293945,29.049999237060547,30.139999389648438,29.399999618530273,4492500.0,25.4630069732666
2011-03-07,29.549999237060547,28.670000076293945,29.420000076293945,28.899999618530273,4227100.0,25.029970169067383
2011-03-08,30.020000457763672,28.969999313354492,29.100000381469727,29.93000030517578,4278800.0,25.922039031982422
2011-03-09,29.920000076293945,29.3700008392334,29.75,29.399999618530273,4378500.0,25.4630069732666
2011-03-10,29.09000015258789,28.43000030517578,29.059999465942383,28.579999923706055,5321000.0,24.752819061279297
2011-03-11,29.219999313354492,28.450000762939453,28.56999969482422,29.0,3483000.0,25.1165771484375
2011-03-14,28.850000381469727,28.239999771118164,28.719999313354492,28.649999618530273,2863000.0,24.813446044921875
2011-03-15,28.59000015258789,27.549999237060547,27.729999542236328,28.40999984741211,5956800.0,24.605581283569336
2011-03-16,28.56999969482422,27.850000381469727,28.34000015258789,27.969999313354492,5905100.0,24.224502563476562
2011-03-17,28.459999084472656,27.8700008392334,28.399999618530273,28.25,6587000.0,24.467010498046875
2011-03-18,30.229999542236328,28.329999923706055,28.799999237060547,29.59000015258789,18269700.0,25.6275634765625
2011-03-21,30.450000762939453,29.219999313354492,30.239999771118164,29.399999618530273,35936500.0,25.4630069732666
2011-03-22,29.559999465942383,28.940000534057617,29.559999465942383,29.170000076293945,10182100.0,25.263813018798828
2011-03-23,29.1299991607666,28.459999084472656,29.020000457763672,28.959999084472656,6906000.0,25.08193016052246
2011-03-24,29.15999984741211,28.510000228881836,29.15999984741211,29.110000610351562,4680600.0,25.21184539794922
2011-03-25,29.469999313354492,28.899999618530273,29.18000030517578,29.209999084472656,4900300.0,25.298452377319336
2011-03-28,29.549999237060547,29.040000915527344,29.209999084472656,29.100000381469727,5034800.0,25.203184127807617
2011-03-29,29.43000030517578,28.989999771118164,29.049999237060547,29.31999969482422,5005600.0,25.393728256225586
2011-03-30,29.440000534057617,28.799999237060547,29.40999984741211,29.209999084472656,7857100.0,25.298452377319336
2011-03-31,29.170000076293945,28.59000015258789,29.059999465942383,28.84000015258789,5992600.0,24.97800064086914
2011-04-01,29.469999313354492,29.010000228881836,29.059999465942383,29.200000762939453,4126400.0,25.289796829223633
2011-04-04,29.579999923706055,29.139999389648438,29.5,29.350000381469727,3407200.0,25.419708251953125
2011-04-05,29.420000076293945,29.0,29.170000076293945,29.209999084472656,3689300.0,25.298452377319336
2011-04-06,29.940000534057617,29.15999984741211,29.3700008392334,29.8799991607666,7963400.0,25.87873077392578
2011-04-07,30.1299991607666,29.40999984741211,29.889999389648438,29.8799991607666,6310300.0,25.87873077392578
2011-04-08,30.1200008392334,29.56999969482422,30.059999465942383,29.649999618530273,5868100.0,25.679533004760742
2011-04-11,29.799999237060547,29.3700008392334,29.600000381469727,29.510000228881836,4444800.0,25.55828094482422
2011-04-12,29.729999542236328,29.31999969482422,29.3700008392334,29.600000381469727,5723500.0,25.636228561401367
2011-04-13,29.889999389648438,28.8799991607666,29.860000610351562,29.0,10241100.0,25.1165771484375
2011-04-14,28.81999969482422,28.110000610351562,28.770000457763672,28.190000534057617,8094000.0,24.4150390625
2011-04-15,28.579999923706055,28.06999969482422,28.3799991607666,28.139999389648438,6472400.0,24.371736526489258
2011-04-18,28.139999389648438,27.610000610351562,27.84000015258789,27.8799991607666,6480700.0,24.146556854248047
2011-04-19,28.209999084472656,27.719999313354492,28.0,27.790000915527344,5579500.0,24.06861114501953
2011-04-20,28.149999618530273,27.309999465942383,28.139999389648438,27.6299991607666,6377700.0,23.93003273010254
2011-04-21,27.809999465942383,26.75,27.790000915527344,27.100000381469727,9494700.0,23.471004486083984
2011-04-25,27.799999237060547,27.25,27.25,27.700000762939453,4251800.0,23.99066162109375
2011-04-26,27.850000381469727,27.3700008392334,27.700000762939453,27.5,4200000.0,23.817445755004883
2011-04-27,27.81999969482422,27.309999465942383,27.510000228881836,27.649999618530273,5945400.0,23.947355270385742
2011-04-28,28.100000381469727,27.469999313354492,27.610000610351562,28.06999969482422,4652900.0,24.311111450195312
2011-04-29,28.31999969482422,27.940000534057617,28.1200008392334,28.190000534057617,3983500.0,24.4150390625
2011-05-02,28.530000686645508,28.06999969482422,28.280000686645508,28.31999969482422,5929700.0,24.527637481689453
2011-05-03,28.610000610351562,28.110000610351562,28.200000762939453,28.579999923706055,5759300.0,24.752819061279297
2011-05-04,28.549999237060547,28.1200008392334,28.520000457763672,28.459999084472656,5133300.0,24.648887634277344
2011-05-05,28.34000015258789,27.829999923706055,28.25,28.020000457763672,5138400.0,24.26780891418457
2011-05-06,28.469999313354492,28.079999923706055,28.440000534057617,28.170000076293945,5296600.0,24.397722244262695
2011-05-09,28.40999984741211,27.90999984741211,28.139999389648438,28.190000534057617,3820200.0,24.4150390625
2011-05-10,28.790000915527344,28.15999984741211,28.219999313354492,28.56999969482422,4963600.0,24.744159698486328
2011-05-11,28.600000381469727,28.219999313354492,28.440000534057617,28.309999465942383,3658900.0,24.518980026245117
2011-05-12,28.350000381469727,27.540000915527344,28.260000228881836,28.100000381469727,6394900.0,24.337100982666016
2011-05-13,28.149999618530273,27.3799991607666,28.100000381469727,27.469999313354492,3969000.0,23.79146385192871
2011-05-16,28.049999237060547,27.299999237060547,27.3700008392334,27.670000076293945,6247800.0,23.964683532714844
2011-05-17,28.31999969482422,27.520000457763672,27.520000457763672,28.299999237060547,4585700.0,24.51030731201172
2011-05-18,28.75,28.170000076293945,28.309999465942383,28.59000015258789,3929600.0,24.7614803314209
2011-05-19,28.850000381469727,28.420000076293945,28.760000228881836,28.770000457763672,3294900.0,24.91737937927246
2011-05-20,28.850000381469727,27.8799991607666,28.649999618530273,27.889999389648438,5284200.0,24.15521812438965
2011-05-23,27.700000762939453,27.09000015258789,27.540000915527344,27.200000762939453,4309400.0,23.557621002197266
2011-05-24,27.3700008392334,26.940000534057617,27.280000686645508,27.110000610351562,3875700.0,23.47966957092285
2011-05-25,27.459999084472656,26.920000076293945,26.940000534057617,27.360000610351562,3402200.0,23.696191787719727
2011-05-26,27.600000381469727,27.1299991607666,27.239999771118164,27.579999923706055,2949700.0,23.886730194091797
2011-05-27,28.040000915527344,27.6200008392334,27.68000030517578,27.989999771118164,2748700.0,24.250614166259766
2011-05-31,28.329999923706055,27.780000686645508,28.280000686645508,28.1299991607666,4663700.0,24.371912002563477
2011-06-01,27.940000534057617,26.170000076293945,27.93000030517578,26.31999969482422,10071000.0,22.80372428894043
2011-06-02,26.520000457763672,25.93000030517578,26.280000686645508,26.290000915527344,7300600.0,22.77773094177246
2011-06-03,26.459999084472656,25.670000076293945,25.829999923706055,25.850000381469727,6755000.0,22.396512985229492
2011-06-06,25.899999618530273,25.299999237060547,25.700000762939453,25.389999389648438,5927700.0,21.997970581054688
2011-06-07,25.959999084472656,25.450000762939453,25.56999969482422,25.459999084472656,3965600.0,22.058618545532227
2011-06-08,25.719999313354492,25.079999923706055,25.389999389648438,25.1299991607666,4352700.0,21.772706985473633
2011-06-09,25.729999542236328,25.049999237060547,25.190000534057617,25.530000686645508,4599600.0,22.119264602661133
2011-06-10,25.450000762939453,24.780000686645508,25.100000381469727,25.18000030517578,5540000.0,21.816028594970703
2011-06-13,25.549999237060547,25.030000686645508,25.329999923706055,25.520000457763672,3995500.0,22.110605239868164
2011-06-14,26.1299991607666,25.6299991607666,25.84000015258789,25.950000762939453,5357400.0,22.483158111572266
2011-06-15,25.8799991607666,25.139999389648438,25.670000076293945,25.40999984741211,5360100.0,22.015296936035156
2011-06-16,25.700000762939453,25.1299991607666,25.43000030517578,25.389999389648438,5689200.0,21.997970581054688
2011-06-17,26.18000030517578,25.489999771118164,25.649999618530273,26.18000030517578,7781200.0,22.682430267333984
2011-06-20,26.350000381469727,25.790000915527344,26.010000228881836,25.93000030517578,4795800.0,22.465824127197266
2011-06-21,26.15999984741211,25.8700008392334,26.06999969482422,25.899999618530273,6425500.0,22.439838409423828
2011-06-22,26.079999923706055,25.389999389648438,25.8799991607666,25.389999389648438,6245400.0,21.997970581054688
2011-06-23,25.34000015258789,24.850000381469727,25.139999389648438,25.030000686645508,8005100.0,21.68606948852539
2011-06-24,25.190000534057617,24.6299991607666,25.100000381469727,25.0,4225400.0,21.660076141357422
2011-06-27,25.34000015258789,24.920000076293945,25.0,25.139999389648438,5582000.0,21.781370162963867
2011-06-28,25.290000915527344,24.700000762939453,25.260000228881836,25.010000228881836,5107000.0,21.668743133544922
2011-06-29,25.739999771118164,25.09000015258789,25.229999542236328,25.709999084472656,6272800.0,22.275217056274414
2011-06-30,25.93000030517578,25.579999923706055,25.739999771118164,25.799999237060547,4302400.0,22.353191375732422
2011-07-01,26.520000457763672,25.690000534057617,25.690000534057617,26.40999984741211,3950700.0,22.88170051574707
2011-07-05,26.399999618530273,25.540000915527344,26.399999618530273,25.8700008392334,4275200.0,22.413846969604492
2011-07-06,25.799999237060547,25.219999313354492,25.760000228881836,25.75,6929500.0,22.309873580932617
2011-07-07,26.43000030517578,25.979999542236328,26.059999465942383,26.260000228881836,5575300.0,22.751737594604492
2011-07-08,25.93000030517578,25.43000030517578,25.850000381469727,25.670000076293945,3742300.0,22.24056053161621
2011-07-11,25.299999237060547,24.760000228881836,25.239999771118164,24.850000381469727,3476200.0,21.530113220214844
2011-07-12,25.350000381469727,24.719999313354492,24.719999313354492,24.940000534057617,4984600.0,21.608089447021484
2011-07-13,25.329999923706055,24.75,25.06999969482422,25.110000610351562,5456600.0,21.75538444519043
2011-07-14,25.309999465942383,24.59000015258789,25.270000457763672,24.639999389648438,6927700.0,21.348167419433594
2011-07-15,24.829999923706055,24.3700008392334,24.809999465942383,24.639999389648438,5678400.0,21.348167419433594
2011-07-18,24.549999237060547,23.760000228881836,24.5,23.950000762939453,4634600.0,20.750349044799805
2011-07-19,24.530000686645508,23.969999313354492,24.1200008392334,24.510000228881836,4482900.0,21.235532760620117
2011-07-20,25.1299991607666,24.530000686645508,24.559999465942383,24.90999984741211,4700100.0,21.582096099853516
2011-07-21,25.920000076293945,25.1299991607666,25.18000030517578,25.729999542236328,6685100.0,22.29254913330078
2011-07-22,26.309999465942383,25.329999923706055,25.950000762939453,25.950000762939453,6941400.0,22.483158111572266
2011-07-25,25.93000030517578,25.3799991607666,25.579999923706055,25.809999465942383,4560400.0,22.36185646057129
2011-07-26,25.8700008392334,25.399999618530273,25.809999465942383,25.56999969482422,4367200.0,22.1539249420166
2011-07-27,25.43000030517578,24.579999923706055,25.420000076293945,24.649999618530273,6266100.0,21.35683250427246
2011-07-28,24.969999313354492,24.559999465942383,24.68000030517578,24.6200008392334,4433100.0,21.330846786499023
2011-07-29,24.8799991607666,24.170000076293945,24.25,24.489999771118164,4751100.0,21.218210220336914
2011-08-01,25.0,24.139999389648438,24.8700008392334,24.329999923706055,3903800.0,21.079586029052734
2011-08-02,24.079999923706055,23.09000015258789,24.010000228881836,23.100000381469727,7821900.0,20.01390838623047
2011-08-03,23.270000457763672,22.59000015258789,23.1299991607666,23.239999771118164,5748800.0,20.135208129882812
2011-08-04,22.959999084472656,21.81999969482422,22.809999465942383,21.84000015258789,7069700.0,18.922239303588867
2011-08-05,22.59000015258789,21.149999618530273,22.31999969482422,21.510000228881836,10207200.0,18.636327743530273
2011-08-08,21.149999618530273,18.149999618530273,20.549999237060547,18.530000686645508,13761700.0,16.054452896118164
2011-08-09,19.989999771118164,18.360000610351562,19.040000915527344,19.979999542236328,12239900.0,17.310733795166016
2011-08-10,19.5,17.399999618530273,19.459999084472656,17.690000534057617,14037000.0,15.326669692993164
2011-08-11,18.920000076293945,17.6200008392334,17.950000762939453,18.65999984741211,11706400.0,16.16707992553711
2011-08-12,19.34000015258789,18.200000762939453,18.899999618530273,18.309999465942383,6701200.0,15.863835334777832
2011-08-15,19.43000030517578,18.530000686645508,18.559999465942383,19.389999389648438,6109200.0,16.79955291748047
2011-08-16,19.469999313354492,18.809999465942383,19.170000076293945,19.010000228881836,7388500.0,16.470319747924805
2011-08-17,19.559999465942383,18.829999923706055,19.170000076293945,19.040000915527344,9067300.0,16.49631118774414
2011-08-18,18.389999389648438,17.59000015258789,18.290000915527344,17.709999084472656,8114100.0,15.34399127960205
2011-08-19,18.100000381469727,16.860000610351562,17.479999542236328,16.90999984741211,13892300.0,14.65087604522705
2011-08-22,17.520000457763672,17.0,17.489999771118164,17.18000030517578,8807100.0,14.88480281829834
2011-08-23,18.110000610351562,17.0,17.190000534057617,18.100000381469727,7647700.0,15.681899070739746
2011-08-24,18.68000030517578,17.860000610351562,18.0,18.6299991607666,8219800.0,16.141080856323242
2011-08-25,19.739999771118164,18.31999969482422,19.399999618530273,18.59000015258789,12154900.0,16.10643196105957
2011-08-26,19.15999984741211,18.239999771118164,18.459999084472656,18.790000915527344,6387100.0,16.279714584350586
2011-08-29,19.84000015258789,19.040000915527344,19.139999389648438,19.81999969482422,6188400.0,17.172107696533203
2011-08-30,19.8700008392334,19.299999237060547,19.68000030517578,19.719999313354492,8011200.0,17.128677368164062
2011-08-31,20.219999313354492,19.68000030517578,19.93000030517578,19.899999618530273,6556000.0,17.2850284576416
2011-09-01,20.040000915527344,19.309999465942383,19.8700008392334,19.34000015258789,8194600.0,16.798608779907227
2011-09-02,19.110000610351562,18.09000015258789,18.959999084472656,18.219999313354492,6443600.0,15.825790405273438
2011-09-06,18.389999389648438,17.229999542236328,17.239999771118164,18.329999923706055,8055900.0,15.921331405639648
2011-09-07,19.790000915527344,18.520000457763672,18.760000228881836,19.65999984741211,8538200.0,17.076557159423828
2011-09-08,19.639999389648438,18.809999465942383,19.309999465942383,19.049999237060547,6943000.0,16.54671859741211
2011-09-09,19.239999771118164,18.239999771118164,19.010000228881836,18.25,8816900.0,15.851841926574707
2011-09-12,18.75,17.889999389648438,18.1200008392334,18.670000076293945,5760400.0,16.216655731201172
2011-09-13,19.190000534057617,18.520000457763672,18.719999313354492,19.049999237060547,5898300.0,16.54671859741211
2011-09-14,19.8700008392334,19.010000228881836,19.229999542236328,19.579999923706055,8949700.0,17.00707244873047
2011-09-15,20.100000381469727,19.510000228881836,19.860000610351562,20.100000381469727,5133700.0,17.458738327026367
2011-09-16,20.280000686645508,19.520000457763672,20.079999923706055,19.920000076293945,6972700.0,17.302396774291992
2011-09-19,19.520000457763672,18.950000762939453,19.3799991607666,19.15999984741211,5372900.0,16.64226531982422
2011-09-20,19.600000381469727,18.969999313354492,19.270000457763672,18.979999542236328,5382600.0,16.485916137695312
2011-09-21,19.040000915527344,17.510000228881836,18.889999389648438,17.600000381469727,8349300.0,15.287257194519043
2011-09-22,17.479999542236328,16.510000228881836,16.959999084472656,16.940000534057617,11697200.0,14.713982582092285
2011-09-23,17.25,16.6299991607666,16.649999618530273,16.969999313354492,9020000.0,14.740042686462402
2011-09-26,18.389999389648438,17.200000762939453,17.299999237060547,18.329999923706055,8157600.0,15.921331405639648
2011-09-27,19.350000381469727,18.469999313354492,18.799999237060547,18.700000762939453,10471100.0,16.242712020874023
2011-09-28,18.739999771118164,17.989999771118164,18.739999771118164,18.030000686645508,8034000.0,15.660754203796387
2011-09-29,18.950000762939453,18.0,18.549999237060547,18.709999084472656,8475200.0,16.25139808654785
2011-09-30,18.540000915527344,17.920000076293945,18.350000381469727,17.950000762939453,7696500.0,15.591263771057129
2011-10-03,18.280000686645508,17.1200008392334,17.75,17.149999618530273,8467400.0,14.896390914916992
2011-10-04,17.829999923706055,16.600000381469727,16.850000381469727,17.799999237060547,12500000.0,15.46097469329834
2011-10-05,18.1200008392334,17.239999771118164,17.739999771118164,17.979999542236328,5205200.0,15.617323875427246
2011-10-06,19.170000076293945,17.56999969482422,17.90999984741211,19.1299991607666,7932500.0,16.616209030151367
2011-10-07,19.25,17.889999389648438,19.25,18.139999389648438,7642500.0,15.756294250488281
2011-10-10,19.190000534057617,18.530000686645508,18.639999389648438,18.860000610351562,7982000.0,16.381694793701172
2011-10-11,18.93000030517578,18.389999389648438,18.600000381469727,18.829999923706055,10751800.0,16.35563087463379
2011-10-12,19.889999389648438,18.979999542236328,19.0,19.399999618530273,10482200.0,16.850725173950195
2011-10-13,19.239999771118164,18.479999542236328,19.219999313354492,19.040000915527344,7982300.0,16.538034439086914
2011-10-14,19.649999618530273,18.760000228881836,19.459999084472656,19.040000915527344,8383300.0,16.538034439086914
2011-10-17,18.729999542236328,18.049999237060547,18.719999313354492,18.09000015258789,6383800.0,15.712864875793457
2011-10-18,19.68000030517578,18.059999465942383,18.31999969482422,19.3799991607666,8978300.0,16.833356857299805
2011-10-19,19.600000381469727,18.75,19.350000381469727,18.790000915527344,12647300.0,16.32088851928711
2011-10-20,19.290000915527344,18.43000030517578,18.940000534057617,19.209999084472656,7810900.0,16.685691833496094
2011-10-21,18.969999313354492,17.950000762939453,18.860000610351562,18.56999969482422,18129300.0,16.12978744506836
2011-10-24,19.809999465942383,18.520000457763672,18.56999969482422,19.6200008392334,10629200.0,17.041810989379883
2011-10-25,19.520000457763672,18.75,19.399999618530273,18.770000457763672,9067700.0,16.303512573242188
2011-10-26,19.559999465942383,18.81999969482422,19.329999923706055,19.389999389648438,5847400.0,16.842042922973633
2011-10-27,21.309999465942383,20.209999084472656,20.3799991607666,21.010000228881836,13392700.0,18.249164581298828
2011-10-28,21.049999237060547,20.459999084472656,20.760000228881836,20.6299991607666,5786000.0,17.919097900390625
2011-10-31,20.34000015258789,19.729999542236328,20.25,19.729999542236328,6792500.0,17.137357711791992
2011-11-01,19.530000686645508,18.440000534057617,18.700000762939453,18.75,9796100.0,16.2861385345459
2011-11-02,19.6200008392334,19.059999465942383,19.3700008392334,19.540000915527344,6381300.0,16.972335815429688
2011-11-03,19.940000534057617,19.030000686645508,19.799999237060547,19.81999969482422,7032200.0,17.21552848815918
2011-11-04,19.729999542236328,19.100000381469727,19.530000686645508,19.489999771118164,5945000.0,16.928903579711914
2011-11-07,19.8700008392334,19.110000610351562,19.5,19.59000015258789,6111400.0,17.015764236450195
2011-11-08,20.299999237060547,19.420000076293945,19.780000686645508,20.18000030517578,5350300.0,17.528234481811523
2011-11-09,19.520000457763672,18.670000076293945,19.479999542236328,18.81999969482422,8067400.0,16.346939086914062
2011-11-10,19.360000610351562,18.709999084472656,19.139999389648438,18.899999618530273,8120800.0,16.416427612304688
2011-11-11,19.360000610351562,19.059999465942383,19.299999237060547,19.280000686645508,5005800.0,16.746492385864258
2011-11-14,19.18000030517578,18.40999984741211,19.139999389648438,18.6200008392334,6303400.0,16.173229217529297
2011-11-15,18.65999984741211,17.989999771118164,18.469999313354492,18.469999313354492,6410300.0,16.042938232421875
2011-11-16,18.68000030517578,18.040000915527344,18.209999084472656,18.059999465942383,7252100.0,15.686813354492188
2011-11-17,18.270000457763672,17.770000457763672,18.010000228881836,17.8700008392334,9608100.0,15.521775245666504
2011-11-18,18.18000030517578,17.700000762939453,18.079999923706055,18.09000015258789,7278800.0,15.712864875793457
2011-11-21,17.809999465942383,17.420000076293945,17.719999313354492,17.639999389648438,7380100.0,15.322000503540039
2011-11-22,17.799999237060547,17.270000457763672,17.56999969482422,17.40999984741211,4514900.0,15.122224807739258
2011-11-23,17.200000762939453,16.440000534057617,17.139999389648438,16.440000534057617,6939500.0,14.27968692779541
2011-11-25,16.889999389648438,16.40999984741211,16.450000762939453,16.530000686645508,1594200.0,14.35786247253418
2011-11-28,17.309999465942383,16.610000610351562,17.209999084472656,16.850000381469727,5057000.0,14.635811805725098
2011-11-29,17.09000015258789,16.600000381469727,16.790000915527344,16.940000534057617,5536900.0,14.757780075073242
2011-11-30,18.149999618530273,17.459999084472656,17.700000762939453,18.1299991607666,8065800.0,15.794477462768555
2011-12-01,18.110000610351562,17.459999084472656,17.850000381469727,17.989999771118164,4224700.0,15.672515869140625
2011-12-02,18.959999084472656,18.209999084472656,18.270000457763672,18.56999969482422,8155700.0,16.17780113220215
2011-12-05,19.479999542236328,18.93000030517578,19.010000228881836,19.270000457763672,8313500.0,16.787633895874023
2011-12-06,18.8799991607666,18.0,18.829999923706055,18.030000686645508,10271700.0,15.707362174987793
2011-12-07,18.280000686645508,17.510000228881836,17.850000381469727,18.209999084472656,11109300.0,15.86417293548584
2011-12-08,18.049999237060547,17.219999313354492,17.969999313354492,17.299999237060547,6714200.0,15.071404457092285
2011-12-09,17.719999313354492,17.190000534057617,17.450000762939453,17.219999313354492,9450200.0,15.00170612335205
2011-12-12,17.25,16.690000534057617,17.040000915527344,16.84000015258789,6831800.0,14.670660018920898
2011-12-13,17.15999984741211,16.149999618530273,16.950000762939453,16.3700008392334,9043800.0,14.261204719543457
2011-12-14,16.829999923706055,16.420000076293945,16.56999969482422,16.440000534057617,11554000.0,14.322189331054688
2011-12-15,17.020000457763672,16.520000457763672,16.799999237060547,16.670000076293945,8746800.0,14.522558212280273
2011-12-16,17.0,16.360000610351562,16.809999465942383,16.479999542236328,10793200.0,14.357033729553223
2011-12-19,16.709999084472656,15.789999961853027,16.530000686645508,15.800000190734863,7355900.0,13.764633178710938
2011-12-20,16.950000762939453,16.1200008392334,16.1200008392334,16.8700008392334,8388400.0,14.696792602539062
2011-12-21,16.979999542236328,16.469999313354492,16.770000457763672,16.950000762939453,9021200.0,14.766488075256348
2011-12-22,17.8700008392334,16.959999084472656,16.959999084472656,17.649999618530273,8490800.0,15.37631607055664
2011-12-23,17.899999618530273,17.40999984741211,17.700000762939453,17.75,5867700.0,15.463427543640137
2011-12-27,17.920000076293945,17.520000457763672,17.809999465942383,17.549999237060547,3399400.0,15.289196968078613
2011-12-28,17.6200008392334,17.010000228881836,17.549999237060547,17.190000534057617,4969300.0,14.975576400756836
2011-12-29,17.75,17.18000030517578,17.200000762939453,17.719999313354492,6863300.0,15.437296867370605
2011-12-30,17.829999923706055,17.469999313354492,17.6299991607666,17.700000762939453,3557600.0,15.419869422912598
2012-01-03,18.719999313354492,18.06999969482422,18.110000610351562,18.520000457763672,7372000.0,16.134241104125977
2012-01-04,18.75,18.06999969482422,18.309999465942383,18.65999984741211,7118500.0,16.256200790405273
2012-01-05,19.93000030517578,18.309999465942383,18.520000457763672,19.65999984741211,13086300.0,17.127384185791016
2012-01-06,20.0,19.25,19.90999984741211,19.75,11052100.0,17.20578384399414
2012-01-09,20.170000076293945,19.700000762939453,19.809999465942383,20.06999969482422,6903400.0,17.48456573486328
2012-01-10,20.829999923706055,20.18000030517578,20.469999313354492,20.469999313354492,8693800.0,17.83304214477539
2012-01-11,21.100000381469727,20.190000534057617,20.399999618530273,21.059999465942383,10862600.0,18.34703254699707
2012-01-12,21.219999313354492,20.43000030517578,21.149999618530273,21.049999237060547,10795900.0,18.33832359313965
2012-01-13,20.899999618530273,19.989999771118164,20.530000686645508,20.799999237060547,7546500.0,18.120527267456055
2012-01-17,21.209999084472656,20.5,21.209999084472656,20.610000610351562,8372500.0,17.955005645751953
2012-01-18,21.030000686645508,20.1200008392334,20.420000076293945,20.979999542236328,8027700.0,18.277341842651367
2012-01-19,21.270000457763672,20.149999618530273,21.049999237060547,20.239999771118164,13608200.0,17.632671356201172
2012-01-20,21.690000534057617,19.809999465942383,20.18000030517578,21.290000915527344,14400900.0,18.547409057617188
2012-01-23,21.43000030517578,20.899999618530273,21.049999237060547,21.219999313354492,10040200.0,18.486431121826172
2012-01-24,21.31999969482422,20.700000762939453,21.030000686645508,21.290000915527344,5500000.0,18.547409057617188
2012-01-25,21.809999465942383,21.139999389648438,21.139999389648438,21.6200008392334,9731600.0,18.83489418029785
2012-01-26,21.760000228881836,20.329999923706055,21.68000030517578,20.5,12192400.0,17.859176635742188
2012-01-27,20.739999771118164,20.219999313354492,20.299999237060547,20.610000610351562,7520400.0,17.955005645751953
2012-01-30,20.639999389648438,20.059999465942383,20.350000381469727,20.530000686645508,7304600.0,17.885313034057617
2012-01-31,20.8799991607666,20.399999618530273,20.670000076293945,20.56999969482422,6380200.0,17.920154571533203
2012-02-01,21.56999969482422,20.8700008392334,20.889999389648438,21.040000915527344,7025300.0,18.329620361328125
2012-02-02,21.510000228881836,20.889999389648438,21.040000915527344,21.309999465942383,4849800.0,18.564830780029297
2012-02-03,22.40999984741211,21.65999984741211,21.700000762939453,22.280000686645508,9038200.0,19.409873962402344
2012-02-06,22.290000915527344,22.010000228881836,22.09000015258789,22.100000381469727,4728500.0,19.25305938720703
2012-02-07,22.690000534057617,21.899999618530273,21.950000762939453,22.190000534057617,9215900.0,19.331466674804688
2012-02-08,22.34000015258789,21.93000030517578,22.200000762939453,22.25,5662300.0,19.383737564086914
2012-02-09,22.920000076293945,22.200000762939453,22.56999969482422,22.600000381469727,10980100.0,19.68865394592285
2012-02-10,22.420000076293945,21.93000030517578,22.200000762939453,22.030000686645508,6570700.0,19.19208335876465
2012-02-13,22.489999771118164,22.209999084472656,22.360000610351562,22.280000686645508,6775800.0,19.409873962402344
2012-02-14,21.90999984741211,21.40999984741211,21.729999542236328,21.670000076293945,8578200.0,18.878456115722656
2012-02-15,22.100000381469727,21.649999618530273,21.81999969482422,21.8700008392334,6734100.0,19.052690505981445
2012-02-16,22.690000534057617,21.649999618530273,21.860000610351562,22.559999465942383,6210900.0,19.6538028717041
2012-02-17,22.8700008392334,22.440000534057617,22.84000015258789,22.690000534057617,5337700.0,19.767057418823242
2012-02-21,23.549999237060547,22.649999618530273,22.899999618530273,23.010000228881836,8786900.0,20.045833587646484
2012-02-22,22.979999542236328,22.049999237060547,22.860000610351562,22.149999618530273,10088700.0,19.2966251373291
2012-02-23,22.31999969482422,21.8799991607666,22.149999618530273,22.31999969482422,5861600.0,19.444717407226562
2012-02-24,22.489999771118164,22.139999389648438,22.31999969482422,22.299999237060547,6257000.0,19.427297592163086
2012-02-27,22.959999084472656,22.010000228881836,22.09000015258789,22.850000381469727,7044700.0,19.90644645690918
2012-02-28,23.3799991607666,22.6299991607666,22.809999465942383,23.25,7952000.0,20.29933738708496
2012-02-29,23.719999313354492,22.959999084472656,23.260000228881836,22.959999084472656,12111000.0,20.04613494873047
2012-03-01,23.440000534057617,22.8799991607666,23.190000534057617,23.030000686645508,8340500.0,20.10725975036621
2012-03-02,23.149999618530273,22.84000015258789,23.030000686645508,22.90999984741211,6139000.0,20.002485275268555
2012-03-05,22.93000030517578,22.100000381469727,22.93000030517578,22.200000762939453,8942500.0,19.382591247558594
2012-03-06,21.889999389648438,21.360000610351562,21.860000610351562,21.540000915527344,10038900.0,18.806354522705078
2012-03-07,22.059999465942383,21.540000915527344,21.649999618530273,21.8799991607666,8068900.0,19.103206634521484
2012-03-08,22.34000015258789,21.8799991607666,22.1299991607666,22.25,4860700.0,19.42624855041504
2012-03-09,22.780000686645508,22.25,22.389999389648438,22.43000030517578,7248600.0,19.583404541015625
2012-03-12,22.350000381469727,21.649999618530273,22.350000381469727,21.8799991607666,9908600.0,19.103206634521484
2012-03-13,22.93000030517578,21.700000762939453,22.18000030517578,22.579999923706055,18196400.0,19.71436882019043
2012-03-14,24.040000915527344,22.0,22.170000076293945,23.610000610351562,24929400.0,20.6136474609375
2012-03-15,24.8799991607666,23.670000076293945,23.790000915527344,24.489999771118164,13920600.0,21.381967544555664
2012-03-16,24.81999969482422,24.299999237060547,24.6299991607666,24.3799991607666,9033400.0,21.28592872619629
2012-03-19,24.93000030517578,24.049999237060547,24.3799991607666,24.540000915527344,7451700.0,21.425626754760742
2012-03-20,24.8799991607666,24.200000762939453,24.739999771118164,24.649999618530273,11941000.0,21.521657943725586
2012-03-21,24.690000534057617,24.200000762939453,24.469999313354492,24.489999771118164,6561700.0,21.381967544555664
2012-03-22,24.239999771118164,23.450000762939453,24.239999771118164,23.6299991607666,9083100.0,20.6311092376709
2012-03-23,23.760000228881836,23.0,23.239999771118164,23.729999542236328,12174000.0,20.718420028686523
2012-03-26,24.149999618530273,23.790000915527344,24.100000381469727,24.0,7860200.0,20.95415687561035
2012-03-27,24.15999984741211,23.81999969482422,24.100000381469727,23.899999618530273,6155600.0,20.866846084594727
2012-03-28,24.299999237060547,23.799999237060547,23.920000076293945,24.290000915527344,7858000.0,21.207347869873047
2012-03-29,24.450000762939453,23.760000228881836,24.420000076293945,24.149999618530273,13125400.0,21.085115432739258
2012-03-30,24.43000030517578,23.770000457763672,24.360000610351562,24.170000076293945,7377500.0,21.10257911682129
2012-04-02,24.420000076293945,23.670000076293945,23.670000076293945,24.280000686645508,6233400.0,21.198617935180664
2012-04-03,24.479999542236328,24.0,24.170000076293945,24.469999313354492,7421000.0,21.3645076751709
2012-04-04,24.3700008392334,23.950000762939453,24.1200008392334,24.020000457763672,6503500.0,20.97161865234375
2012-04-05,24.34000015258789,23.799999237060547,23.940000534057617,24.059999465942383,5016800.0,21.006542205810547
2012-04-09,23.59000015258789,23.010000228881836,23.59000015258789,23.280000686645508,5352800.0,20.325529098510742
2012-04-10,23.31999969482422,22.65999984741211,23.149999618530273,22.84000015258789,9188500.0,19.941373825073242
2012-04-11,23.579999923706055,22.950000762939453,23.170000076293945,23.239999771118164,6877400.0,20.290607452392578
2012-04-12,23.649999618530273,23.219999313354492,23.280000686645508,23.549999237060547,5557500.0,20.56127166748047
2012-04-13,23.530000686645508,22.25,23.420000076293945,22.579999923706055,19341400.0,19.71436882019043
2012-04-16,23.09000015258789,22.559999465942383,22.829999923706055,22.829999923706055,9750100.0,19.932640075683594
2012-04-17,23.600000381469727,22.969999313354492,23.1200008392334,23.309999465942383,6708100.0,20.351722717285156
2012-04-18,23.510000228881836,23.049999237060547,23.15999984741211,23.06999969482422,4962100.0,20.142179489135742
2012-04-19,23.270000457763672,22.559999465942383,23.110000610351562,22.739999771118164,9724000.0,19.85405921936035
2012-04-20,23.010000228881836,22.459999084472656,22.959999084472656,22.600000381469727,6661700.0,19.731830596923828
2012-04-23,23.729999542236328,22.600000381469727,22.6200008392334,23.229999542236328,15286400.0,20.281879425048828
2012-04-24,23.809999465942383,23.25,23.309999465942383,23.68000030517578,7167000.0,20.67476463317871
2012-04-25,24.40999984741211,23.81999969482422,24.010000228881836,24.260000228881836,7153700.0,21.181156158447266
2012-04-26,24.459999084472656,23.959999084472656,24.100000381469727,24.420000076293945,7240500.0,21.32084846496582
2012-04-27,24.829999923706055,24.190000534057617,24.5,24.799999237060547,7856100.0,21.652620315551758
2012-04-30,24.709999084472656,24.110000610351562,24.65999984741211,24.280000686645508,7207200.0,21.198617935180664
2012-05-01,24.809999465942383,24.149999618530273,24.280000686645508,24.420000076293945,6157700.0,21.32084846496582
2012-05-02,24.420000076293945,23.8799991607666,24.219999313354492,24.309999465942383,4686800.0,21.224809646606445
2012-05-03,24.5,24.040000915527344,24.309999465942383,24.299999237060547,5083800.0,21.216079711914062
2012-05-04,24.18000030517578,23.6299991607666,24.010000228881836,23.75,5008400.0,20.735883712768555
2012-05-07,24.100000381469727,23.459999084472656,23.459999084472656,23.989999771118164,4938900.0,20.945423126220703
2012-05-08,23.940000534057617,23.329999923706055,23.809999465942383,23.639999389648438,5020900.0,20.63983917236328
2012-05-09,23.360000610351562,22.670000076293945,23.270000457763672,23.079999923706055,8981800.0,20.150909423828125
2012-05-10,23.84000015258789,23.440000534057617,23.440000534057617,23.59000015258789,4601500.0,20.59619140625
2012-05-11,23.950000762939453,22.90999984741211,23.049999237060547,23.700000762939453,6041300.0,20.692228317260742
2012-05-14,23.489999771118164,22.93000030517578,23.329999923706055,23.010000228881836,6466600.0,20.089801788330078
2012-05-15,23.309999465942383,22.709999084472656,23.030000686645508,22.770000457763672,5671500.0,19.880252838134766
2012-05-16,23.25,22.690000534057617,22.899999618530273,22.729999542236328,7214000.0,19.84532928466797
2012-05-17,22.75,22.170000076293945,22.700000762939453,22.170000076293945,5688700.0,19.35639762878418
2012-05-18,22.389999389648438,21.559999465942383,22.280000686645508,21.719999313354492,8445100.0,18.963510513305664
2012-05-21,22.389999389648438,21.6299991607666,21.829999923706055,22.309999465942383,7834000.0,19.478633880615234
2012-05-22,22.920000076293945,22.34000015258789,22.450000762939453,22.530000686645508,7041900.0,19.67070960998535
2012-05-23,22.889999389648438,22.1299991607666,22.31999969482422,22.850000381469727,5470600.0,19.950103759765625
2012-05-24,23.0,22.350000381469727,23.0,22.670000076293945,6031900.0,19.792943954467773
2012-05-25,22.829999923706055,22.420000076293945,22.489999771118164,22.489999771118164,4037800.0,19.635787963867188
2012-05-29,22.84000015258789,22.530000686645508,22.65999984741211,22.719999313354492,4837000.0,19.836597442626953
2012-05-30,22.479999542236328,22.110000610351562,22.389999389648438,22.170000076293945,7191400.0,19.399089813232422
2012-05-31,23.149999618530273,22.030000686645508,22.510000228881836,22.920000076293945,8375100.0,20.05535316467285
2012-06-01,22.399999618530273,21.59000015258789,22.31999969482422,21.860000610351562,10108000.0,19.127840042114258
2012-06-04,22.139999389648438,20.959999084472656,22.049999237060547,21.100000381469727,8385900.0,18.46282196044922
2012-06-05,21.65999984741211,21.010000228881836,21.049999237060547,21.15999984741211,5704300.0,18.515321731567383
2012-06-06,21.850000381469727,21.299999237060547,21.440000534057617,21.709999084472656,5477700.0,18.996585845947266
2012-06-07,22.209999084472656,21.68000030517578,21.989999771118164,21.770000457763672,3561000.0,19.049081802368164
2012-06-08,22.200000762939453,21.3700008392334,21.989999771118164,22.18000030517578,5183900.0,19.407846450805664
2012-06-11,22.520000457763672,21.600000381469727,22.510000228881836,21.610000610351562,4340300.0,18.909082412719727
2012-06-12,21.75,21.15999984741211,21.639999389648438,21.68000030517578,7294200.0,18.9703311920166
2012-06-13,22.350000381469727,21.559999465942383,21.600000381469727,22.0,5605100.0,19.25033950805664
2012-06-14,22.3700008392334,21.989999771118164,22.079999923706055,22.1299991607666,5108000.0,19.36408805847168
2012-06-15,22.540000915527344,22.040000915527344,22.25,22.43000030517578,7194500.0,19.62659454345703
2012-06-18,22.780000686645508,22.200000762939453,22.40999984741211,22.510000228881836,4481500.0,19.696592330932617
2012-06-19,23.440000534057617,22.649999618530273,22.65999984741211,23.270000457763672,7458800.0,20.36161231994629
2012-06-20,23.540000915527344,22.920000076293945,23.290000915527344,23.420000076293945,6031800.0,20.492860794067383
2012-06-21,23.649999618530273,22.56999969482422,23.450000762939453,22.610000610351562,7361500.0,19.784095764160156
2012-06-22,23.190000534057617,22.729999542236328,22.75,23.020000457763672,4497800.0,20.142858505249023
2012-06-25,22.65999984741211,21.719999313354492,22.649999618530273,22.1299991607666,5452800.0,19.36408805847168
2012-06-26,22.850000381469727,22.059999465942383,22.1299991607666,22.729999542236328,7439100.0,19.889097213745117
2012-06-27,23.260000228881836,22.530000686645508,22.780000686645508,23.18000030517578,4423600.0,20.282855987548828
2012-06-28,23.329999923706055,22.709999084472656,22.950000762939453,23.299999237060547,5082400.0,20.38785743713379
2012-06-29,24.229999542236328,23.780000686645508,23.81999969482422,24.229999542236328,6818800.0,21.201623916625977
2012-07-02,24.860000610351562,24.329999923706055,24.670000076293945,24.690000534057617,7311000.0,21.604129791259766
2012-07-03,25.0,24.559999465942383,24.700000762939453,24.670000076293945,2578300.0,21.586633682250977
2012-07-05,24.65999984741211,24.3700008392334,24.56999969482422,24.40999984741211,3446300.0,21.35912322998047
2012-07-06,24.389999389648438,23.93000030517578,24.049999237060547,24.219999313354492,3524300.0,21.192873001098633
2012-07-09,24.239999771118164,23.709999084472656,24.110000610351562,23.860000610351562,4769600.0,20.877870559692383
2012-07-10,24.479999542236328,23.520000457763672,23.979999542236328,23.709999084472656,6494500.0,20.746614456176758
2012-07-11,24.329999923706055,23.6299991607666,23.739999771118164,24.209999084472656,6061200.0,21.184123992919922
2012-07-12,24.010000228881836,23.670000076293945,23.899999618530273,23.739999771118164,4374000.0,20.772869110107422
2012-07-13,24.93000030517578,23.799999237060547,23.899999618530273,24.75,7157400.0,21.656633377075195
2012-07-16,25.18000030517578,24.43000030517578,24.68000030517578,24.8700008392334,5824100.0,21.761634826660156
2012-07-17,25.100000381469727,24.43000030517578,25.059999465942383,24.93000030517578,4707400.0,21.81413459777832
2012-07-18,25.1299991607666,24.6299991607666,24.84000015258789,24.739999771118164,4383300.0,21.64788055419922
2012-07-19,24.979999542236328,23.81999969482422,24.790000915527344,24.239999771118164,9097700.0,21.21037483215332
2012-07-20,24.100000381469727,23.18000030517578,23.989999771118164,23.520000457763672,9937800.0,20.580366134643555
2012-07-23,23.489999771118164,22.709999084472656,22.989999771118164,22.940000534057617,6794800.0,20.072851181030273
2012-07-24,23.18000030517578,22.34000015258789,23.030000686645508,22.75,6528200.0,19.906600952148438
2012-07-25,23.149999618530273,22.75,22.8799991607666,22.770000457763672,6246700.0,19.92409896850586
2012-07-26,23.469999313354492,23.1200008392334,23.260000228881836,23.40999984741211,4485800.0,20.484115600585938
2012-07-27,23.989999771118164,23.34000015258789,23.709999084472656,23.780000686645508,4721000.0,20.8078670501709
2012-07-30,23.760000228881836,23.450000762939453,23.65999984741211,23.549999237060547,3152700.0,20.606618881225586
2012-07-31,23.790000915527344,23.34000015258789,23.469999313354492,23.649999618530273,6016600.0,20.69411277770996
2012-08-01,23.989999771118164,23.510000228881836,23.770000457763672,23.670000076293945,6262700.0,20.71161651611328
2012-08-02,23.559999465942383,22.8799991607666,23.399999618530273,23.209999084472656,4819200.0,20.309110641479492
2012-08-03,24.350000381469727,23.6200008392334,23.6299991607666,24.09000015258789,4773600.0,21.079124450683594
2012-08-06,24.459999084472656,24.0,24.200000762939453,24.030000686645508,2805200.0,21.026622772216797
2012-08-07,24.780000686645508,24.030000686645508,24.100000381469727,24.299999237060547,6186000.0,21.262874603271484
2012-08-08,24.690000534057617,24.09000015258789,24.09000015258789,24.3799991607666,3909900.0,21.33287811279297
2012-08-09,24.770000457763672,24.25,24.290000915527344,24.700000762939453,3996400.0,21.61288070678711
2012-08-10,24.889999389648438,24.389999389648438,24.579999923706055,24.829999923706055,3931400.0,21.72663688659668
2012-08-13,24.899999618530273,24.6200008392334,24.700000762939453,24.889999389648438,3696900.0,21.779130935668945
2012-08-14,25.100000381469727,24.81999969482422,24.989999771118164,24.969999313354492,4933700.0,21.84913444519043
2012-08-15,25.18000030517578,24.829999923706055,24.860000610351562,25.020000457763672,2503500.0,21.89288902282715
2012-08-16,25.299999237060547,24.93000030517578,25.09000015258789,25.260000228881836,4384300.0,22.10289192199707
2012-08-17,25.530000686645508,25.299999237060547,25.360000610351562,25.489999771118164,3046200.0,22.30414390563965
2012-08-20,25.59000015258789,25.31999969482422,25.489999771118164,25.450000762939453,2690800.0,22.26914405822754
2012-08-21,25.760000228881836,25.219999313354492,25.559999465942383,25.280000686645508,4013900.0,22.12039566040039
2012-08-22,25.59000015258789,25.0,25.280000686645508,25.200000762939453,5442000.0,22.050392150878906
2012-08-23,25.389999389648438,24.799999237060547,25.389999389648438,24.90999984741211,3665500.0,21.7966365814209
2012-08-24,25.18000030517578,24.81999969482422,24.899999618530273,25.100000381469727,3766400.0,21.962888717651367
2012-08-27,25.40999984741211,25.040000915527344,25.239999771118164,25.190000534057617,3081600.0,22.041645050048828
2012-08-28,25.100000381469727,24.729999542236328,25.020000457763672,24.790000915527344,4776400.0,21.691631317138672
2012-08-29,25.280000686645508,24.850000381469727,24.8799991607666,25.100000381469727,4239600.0,22.007278442382812
2012-08-30,25.079999923706055,24.670000076293945,24.93000030517578,24.969999313354492,2551200.0,21.893295288085938
2012-08-31,25.360000610351562,25.049999237060547,25.15999984741211,25.170000076293945,3054500.0,22.06865119934082
2012-09-04,25.729999542236328,25.139999389648438,25.18000030517578,25.610000610351562,4619600.0,22.45443344116211
2012-09-05,25.700000762939453,25.309999465942383,25.489999771118164,25.450000762939453,3531900.0,22.314149856567383
2012-09-06,26.770000457763672,25.84000015258789,25.84000015258789,26.68000030517578,9475600.0,23.392597198486328
2012-09-07,28.139999389648438,27.34000015258789,27.5,27.5,13958500.0,24.111557006835938
2012-09-10,27.959999084472656,27.420000076293945,27.440000534057617,27.6299991607666,7190700.0,24.22553825378418
2012-09-11,27.860000610351562,27.40999984741211,27.700000762939453,27.579999923706055,5653000.0,24.18169593811035
2012-09-12,28.350000381469727,27.639999389648438,27.639999389648438,28.09000015258789,7102000.0,24.628856658935547
2012-09-13,29.459999084472656,27.920000076293945,28.09000015258789,28.8700008392334,10994200.0,25.312755584716797
2012-09-14,30.790000915527344,29.030000686645508,29.1299991607666,29.90999984741211,18007900.0,26.224607467651367
2012-09-17,29.850000381469727,28.889999389648438,29.809999465942383,29.139999389648438,8775300.0,25.549484252929688
2012-09-18,29.049999237060547,28.389999389648438,29.020000457763672,28.690000534057617,9516600.0,25.154932022094727
2012-09-19,29.15999984741211,28.360000610351562,28.360000610351562,29.030000686645508,9565600.0,25.453035354614258
2012-09-20,28.90999984741211,28.450000762939453,28.700000762939453,28.770000457763672,5026600.0,25.22507095336914
2012-09-21,29.18000030517578,28.43000030517578,29.079999923706055,28.43000030517578,5744200.0,24.92696762084961
2012-09-24,29.149999618530273,28.149999618530273,28.149999618530273,29.079999923706055,8906200.0,25.496875762939453
2012-09-25,29.149999618530273,28.200000762939453,29.1200008392334,28.200000762939453,8439400.0,24.725305557250977
2012-09-26,28.43000030517578,27.989999771118164,28.219999313354492,28.010000228881836,6329700.0,24.558717727661133
2012-09-27,28.479999542236328,27.940000534057617,28.219999313354492,28.260000228881836,4674900.0,24.777912139892578
2012-09-28,28.389999389648438,27.979999542236328,28.15999984741211,28.270000457763672,3503200.0,24.786678314208984
2012-10-01,28.81999969482422,28.34000015258789,28.489999771118164,28.479999542236328,4489400.0,24.970800399780273
2012-10-02,28.670000076293945,28.290000915527344,28.600000381469727,28.6299991607666,4268000.0,25.10232162475586
2012-10-03,29.510000228881836,28.559999465942383,28.729999542236328,29.280000686645508,7511100.0,25.67223358154297
2012-10-04,30.1299991607666,29.34000015258789,29.479999542236328,29.969999313354492,8472600.0,26.277212142944336
2012-10-05,30.59000015258789,30.020000457763672,30.200000762939453,30.309999465942383,6924500.0,26.5753173828125
2012-10-08,30.139999389648438,29.739999771118164,30.1200008392334,29.760000228881836,5708900.0,26.09308624267578
2012-10-09,30.579999923706055,29.690000534057617,29.760000228881836,30.270000457763672,9496200.0,26.540246963500977
2012-10-10,30.639999389648438,29.56999969482422,30.34000015258789,29.65999984741211,8072400.0,26.005413055419922
2012-10-11,30.389999389648438,29.93000030517578,30.100000381469727,30.190000534057617,7413500.0,26.470108032226562
2012-10-12,29.489999771118164,28.489999771118164,29.1200008392334,29.170000076293945,10109100.0,25.57578468322754
2012-10-15,29.399999618530273,28.770000457763672,29.350000381469727,29.100000381469727,7646800.0,25.51441192626953
2012-10-16,29.389999389648438,28.440000534057617,29.34000015258789,28.549999237060547,9391700.0,25.032182693481445
2012-10-17,29.56999969482422,28.59000015258789,28.709999084472656,29.360000610351562,7706300.0,25.74237632751465
2012-10-18,29.440000534057617,28.8799991607666,29.25,28.989999771118164,7216100.0,25.41796875
2012-10-19,29.15999984741211,28.34000015258789,29.059999465942383,28.6299991607666,6895500.0,25.10232162475586
2012-10-22,28.260000228881836,27.200000762939453,27.780000686645508,27.670000076293945,14460900.0,24.26060676574707
2012-10-23,27.34000015258789,26.510000228881836,26.860000610351562,27.239999771118164,10835200.0,23.883590698242188
2012-10-24,27.639999389648438,27.030000686645508,27.489999771118164,27.06999969482422,6641600.0,23.734539031982422
2012-10-25,27.6200008392334,26.889999389648438,27.510000228881836,27.239999771118164,5856500.0,23.883590698242188
2012-10-26,27.3700008392334,26.790000915527344,27.1299991607666,27.100000381469727,4553400.0,23.76084327697754
2012-10-31,27.5,26.8799991607666,27.3799991607666,27.200000762939453,4645100.0,23.848522186279297
2012-11-01,27.549999237060547,27.0,27.239999771118164,27.540000915527344,5623400.0,24.146629333496094
2012-11-02,27.81999969482422,27.06999969482422,27.75,27.139999389648438,4128500.0,23.79591178894043
2012-11-05,27.209999084472656,26.549999237060547,27.020000457763672,27.15999984741211,4122800.0,23.81344985961914
2012-11-06,27.790000915527344,27.06999969482422,27.299999237060547,27.729999542236328,3538200.0,24.313215255737305
2012-11-07,27.43000030517578,26.299999237060547,27.309999465942383,26.56999969482422,7800600.0,23.296142578125
2012-11-08,26.989999771118164,26.360000610351562,26.6200008392334,26.389999389648438,6532200.0,23.138328552246094
2012-11-09,26.8700008392334,26.18000030517578,26.25,26.559999465942383,5039600.0,23.28738021850586
2012-11-12,26.81999969482422,26.34000015258789,26.670000076293945,26.540000915527344,3033100.0,23.26984405517578
2012-11-13,26.790000915527344,26.15999984741211,26.309999465942383,26.170000076293945,3727800.0,22.945430755615234
2012-11-14,26.450000762939453,25.31999969482422,26.329999923706055,25.440000534057617,6156700.0,22.305387496948242
2012-11-15,26.0,25.299999237060547,25.530000686645508,25.81999969482422,5968200.0,22.638561248779297
2012-11-16,26.100000381469727,25.489999771118164,25.8700008392334,26.020000457763672,5546200.0,22.81392478942871
2012-11-19,27.059999465942383,26.389999389648438,26.43000030517578,26.989999771118164,6227500.0,23.664396286010742
2012-11-20,27.579999923706055,26.65999984741211,26.979999542236328,27.399999618530273,6445100.0,24.023876190185547
2012-11-21,27.5,26.719999313354492,27.450000762939453,26.799999237060547,5845100.0,23.4978084564209
2012-11-23,27.479999542236328,26.899999618530273,27.030000686645508,27.479999542236328,1328700.0,24.094018936157227
2012-11-26,27.309999465942383,26.93000030517578,27.239999771118164,27.209999084472656,3286200.0,23.85728645324707
2012-11-27,27.329999923706055,26.780000686645508,26.940000534057617,26.799999237060547,3503500.0,23.4978084564209
2012-11-28,26.899999618530273,26.239999771118164,26.670000076293945,26.889999389648438,4141500.0,23.620786666870117
2012-11-29,27.299999237060547,26.889999389648438,27.0,27.020000457763672,2128000.0,23.73497772216797
2012-11-30,27.290000915527344,26.950000762939453,26.969999313354492,27.149999618530273,3165600.0,23.849178314208984
2012-12-03,27.190000534057617,26.559999465942383,27.149999618530273,26.6299991607666,4719300.0,23.392398834228516
2012-12-04,26.709999084472656,25.989999771118164,26.65999984741211,26.260000228881836,6320000.0,23.0673828125
2012-12-05,26.84000015258789,26.260000228881836,26.299999237060547,26.600000381469727,4556800.0,23.366046905517578
2012-12-06,26.729999542236328,26.479999542236328,26.579999923706055,26.700000762939453,2856000.0,23.453886032104492
2012-12-07,27.190000534057617,26.700000762939453,26.799999237060547,27.18000030517578,4032300.0,23.875532150268555
2012-12-10,27.450000762939453,26.950000762939453,27.110000610351562,27.200000762939453,6144500.0,23.893095016479492
2012-12-11,27.739999771118164,27.09000015258789,27.329999923706055,27.59000015258789,4608900.0,24.235687255859375
2012-12-12,28.100000381469727,27.649999618530273,27.729999542236328,27.770000457763672,5948700.0,24.393798828125
2012-12-13,27.84000015258789,27.040000915527344,27.690000534057617,27.200000762939453,4823300.0,23.893095016479492
2012-12-14,27.299999237060547,26.979999542236328,27.190000534057617,27.06999969482422,2359400.0,23.778905868530273
2012-12-17,27.850000381469727,27.15999984741211,27.229999542236328,27.84000015258789,5193800.0,24.455291748046875
2012-12-18,28.479999542236328,27.889999389648438,27.959999084472656,28.459999084472656,6339100.0,24.999910354614258
2012-12-19,28.920000076293945,28.469999313354492,28.59000015258789,28.559999465942383,5148400.0,25.08775520324707
2012-12-20,28.969999313354492,28.540000915527344,28.600000381469727,28.969999313354492,4974600.0,25.447904586791992
2012-12-21,28.760000228881836,28.049999237060547,28.6299991607666,28.270000457763672,10674900.0,24.833009719848633
2012-12-24,28.420000076293945,27.899999618530273,28.200000762939453,27.989999771118164,2374600.0,24.587053298950195
2012-12-26,28.350000381469727,27.940000534057617,28.06999969482422,28.0,3435700.0,24.59583854675293
2012-12-27,28.09000015258789,27.440000534057617,28.0,27.989999771118164,3286000.0,24.587053298950195
2012-12-28,28.079999923706055,27.670000076293945,27.719999313354492,27.790000915527344,3157900.0,24.4113712310791
2012-12-31,28.40999984741211,27.700000762939453,27.700000762939453,28.350000381469727,5677700.0,24.903282165527344
2013-01-02,29.260000228881836,28.850000381469727,29.079999923706055,29.260000228881836,7992800.0,25.702651977539062
2013-01-03,28.700000762939453,27.979999542236328,28.65999984741211,28.6299991607666,9399200.0,25.149242401123047
2013-01-04,29.450000762939453,28.84000015258789,29.170000076293945,29.420000076293945,5808400.0,25.84319496154785
2013-01-07,29.329999923706055,28.739999771118164,29.25,28.969999313354492,3372200.0,25.447904586791992
2013-01-08,29.0,28.459999084472656,28.90999984741211,28.979999542236328,7371800.0,25.45669174194336
2013-01-09,29.219999313354492,28.59000015258789,29.030000686645508,28.709999084472656,5371800.0,25.219514846801758
2013-01-10,29.09000015258789,28.34000015258789,28.950000762939453,28.600000381469727,9118900.0,25.122892379760742
2013-01-11,28.56999969482422,27.920000076293945,28.540000915527344,28.309999465942383,7472800.0,24.868152618408203
2013-01-14,28.3799991607666,27.969999313354492,28.309999465942383,28.09000015258789,4847500.0,24.674894332885742
2013-01-15,28.950000762939453,27.93000030517578,28.049999237060547,28.889999389648438,5913000.0,25.37763023376465
2013-01-16,29.3700008392334,28.700000762939453,28.889999389648438,29.229999542236328,4607600.0,25.67629623413086
2013-01-17,29.690000534057617,29.209999084472656,29.440000534057617,29.56999969482422,6591300.0,25.97496223449707
2013-01-18,29.979999542236328,28.729999542236328,29.469999313354492,29.139999389648438,8287700.0,25.59724235534668
2013-01-22,29.229999542236328,28.829999923706055,29.020000457763672,29.139999389648438,6656600.0,25.59724235534668
2013-01-23,29.200000762939453,28.760000228881836,29.06999969482422,29.100000381469727,3539100.0,25.56209945678711
2013-01-24,29.600000381469727,29.020000457763672,29.040000915527344,29.399999618530273,7339200.0,25.825624465942383
2013-01-25,29.549999237060547,29.100000381469727,29.530000686645508,29.350000381469727,5849700.0,25.78170394897461
2013-01-28,29.469999313354492,29.1200008392334,29.40999984741211,29.270000457763672,4088500.0,25.71143913269043
2013-01-29,29.3700008392334,28.860000610351562,29.239999771118164,28.889999389648438,5237100.0,25.37763023376465
2013-01-30,28.889999389648438,28.40999984741211,28.690000534057617,28.530000686645508,7470600.0,25.061403274536133
2013-01-31,28.510000228881836,28.040000915527344,28.510000228881836,28.3700008392334,8518500.0,24.920854568481445
2013-02-01,29.149999618530273,28.559999465942383,28.65999984741211,29.100000381469727,5276800.0,25.56209945678711
2013-02-04,28.889999389648438,28.6299991607666,28.860000610351562,28.690000534057617,4854900.0,25.201950073242188
2013-02-05,29.040000915527344,28.729999542236328,28.889999389648438,28.760000228881836,4963900.0,25.26343536376953
2013-02-06,28.84000015258789,28.5,28.6200008392334,28.739999771118164,6460800.0,25.245874404907227
2013-02-07,28.969999313354492,28.459999084472656,28.760000228881836,28.829999923706055,4725000.0,25.32492446899414
2013-02-08,29.299999237060547,28.799999237060547,28.8700008392334,29.25,3136200.0,25.693864822387695
2013-02-11,29.5,29.149999618530273,29.149999618530273,29.350000381469727,4077300.0,25.78170394897461
2013-02-12,29.549999237060547,29.34000015258789,29.3700008392334,29.420000076293945,4051300.0,25.84319496154785
2013-02-13,29.540000915527344,28.8700008392334,29.459999084472656,28.940000534057617,4853000.0,25.421558380126953
2013-02-14,28.90999984741211,28.719999313354492,28.760000228881836,28.790000915527344,3558800.0,25.289794921875
2013-02-15,28.709999084472656,27.979999542236328,28.639999389648438,28.1200008392334,7362800.0,24.701248168945312
2013-02-19,27.8700008392334,27.520000457763672,27.799999237060547,27.690000534057617,8983800.0,24.32352638244629
2013-02-20,27.889999389648438,27.530000686645508,27.690000534057617,27.579999923706055,7403600.0,24.22689437866211
2013-02-21,27.889999389648438,27.299999237060547,27.549999237060547,27.459999084472656,5212900.0,24.121488571166992
2013-02-22,27.93000030517578,27.649999618530273,27.670000076293945,27.899999618530273,3903300.0,24.507997512817383
2013-02-25,28.170000076293945,27.110000610351562,28.049999237060547,27.1200008392334,5636900.0,23.82282829284668
2013-02-26,27.489999771118164,26.93000030517578,27.399999618530273,27.40999984741211,5085700.0,24.07756233215332
2013-02-27,27.829999923706055,27.309999465942383,27.350000381469727,27.719999313354492,5292300.0,24.394372940063477
2013-02-28,27.93000030517578,27.440000534057617,27.75,27.59000015258789,4161300.0,24.27997398376465
2013-03-01,27.850000381469727,26.959999084472656,27.3799991607666,27.549999237060547,6901300.0,24.244768142700195
2013-03-04,28.040000915527344,27.510000228881836,27.559999465942383,28.020000457763672,4957900.0,24.65838623046875
2013-03-05,28.309999465942383,27.8799991607666,28.170000076293945,28.0,4825700.0,24.640789031982422
2013-03-06,28.440000534057617,28.079999923706055,28.15999984741211,28.170000076293945,3717400.0,24.790393829345703
2013-03-07,28.84000015258789,28.209999084472656,28.25,28.559999465942383,5182800.0,25.13360023498535
2013-03-08,29.670000076293945,29.030000686645508,29.549999237060547,29.350000381469727,9327800.0,25.828824996948242
2013-03-11,29.90999984741211,29.350000381469727,29.43000030517578,29.729999542236328,5576300.0,26.16323471069336
2013-03-12,29.850000381469727,29.399999618530273,29.75,29.459999084472656,3794900.0,25.92562484741211
2013-03-13,29.690000534057617,29.31999969482422,29.479999542236328,29.6299991607666,3737400.0,26.07522964477539
2013-03-14,29.899999618530273,29.290000915527344,29.700000762939453,29.6200008392334,5176500.0,26.06642723083496
2013-03-15,29.40999984741211,28.90999984741211,29.350000381469727,29.059999465942383,7888100.0,25.573612213134766
2013-03-18,29.06999969482422,28.6200008392334,28.700000762939453,28.809999465942383,5372500.0,25.35360336303711
2013-03-19,29.0,28.469999313354492,28.860000610351562,28.559999465942383,4895100.0,25.13360023498535
2013-03-20,28.850000381469727,28.59000015258789,28.809999465942383,28.639999389648438,3310700.0,25.204002380371094
2013-03-21,28.579999923706055,28.200000762939453,28.420000076293945,28.290000915527344,3010100.0,24.895992279052734
2013-03-22,28.40999984741211,28.049999237060547,28.34000015258789,28.229999542236328,3840800.0,24.843189239501953
2013-03-25,28.600000381469727,28.219999313354492,28.34000015258789,28.510000228881836,4778200.0,25.089601516723633
2013-03-26,28.770000457763672,28.3700008392334,28.600000381469727,28.739999771118164,3507200.0,25.292001724243164
2013-03-27,28.600000381469727,28.329999923706055,28.510000228881836,28.540000915527344,3203600.0,25.115999221801758
2013-03-28,28.81999969482422,28.239999771118164,28.559999465942383,28.809999465942383,5036100.0,25.35360336303711
2013-04-01,28.8799991607666,28.170000076293945,28.809999465942383,28.280000686645508,3576400.0,24.887191772460938
2013-04-02,28.270000457763672,27.639999389648438,27.989999771118164,27.809999465942383,8853500.0,24.47357940673828
2013-04-03,27.81999969482422,26.969999313354492,27.770000457763672,27.360000610351562,9257300.0,24.077564239501953
2013-04-04,27.75,27.170000076293945,27.280000686645508,27.40999984741211,5493900.0,24.121562957763672
2013-04-05,28.09000015258789,27.0,27.0,28.040000915527344,7110500.0,24.67598533630371
2013-04-08,28.780000686645508,27.81999969482422,28.1299991607666,28.639999389648438,5996800.0,25.204002380371094
2013-04-09,29.020000457763672,28.639999389648438,28.719999313354492,28.90999984741211,4160600.0,25.441606521606445
2013-04-10,29.239999771118164,28.899999618530273,28.940000534057617,29.139999389648438,4198600.0,25.644018173217773
2013-04-11,29.209999084472656,28.579999923706055,29.09000015258789,28.979999542236328,5503300.0,25.503211975097656
2013-04-12,28.84000015258789,28.479999542236328,28.579999923706055,28.790000915527344,3837000.0,25.33600425720215
2013-04-15,28.75,27.8700008392334,28.6299991607666,27.8700008392334,3684600.0,24.526382446289062
2013-04-16,28.1200008392334,27.68000030517578,28.1200008392334,27.979999542236328,5679300.0,24.62318229675293
2013-04-17,27.90999984741211,27.350000381469727,27.739999771118164,27.610000610351562,5109600.0,24.297574996948242
2013-04-18,27.75,27.18000030517578,27.75,27.31999969482422,5608300.0,24.0423641204834
2013-04-19,28.780000686645508,27.6200008392334,27.93000030517578,28.309999465942383,10357000.0,24.91359519958496
2013-04-22,28.290000915527344,27.770000457763672,28.290000915527344,27.969999313354492,4336800.0,24.614381790161133
2013-04-23,28.3700008392334,27.940000534057617,28.139999389648438,28.299999237060547,4395000.0,24.904794692993164
2013-04-24,29.0,28.290000915527344,28.299999237060547,28.969999313354492,5469200.0,25.49441146850586
2013-04-25,29.520000457763672,29.0,29.049999237060547,29.270000457763672,4599500.0,25.758424758911133
2013-04-26,29.350000381469727,28.93000030517578,29.229999542236328,29.049999237060547,3950300.0,25.564815521240234
2013-04-29,29.690000534057617,29.290000915527344,29.5,29.329999923706055,5601800.0,25.811220169067383
2013-04-30,29.3799991607666,29.010000228881836,29.34000015258789,29.25,3654100.0,25.740821838378906
2013-05-01,29.239999771118164,28.860000610351562,29.209999084472656,28.940000534057617,2951700.0,25.468008041381836
2013-05-02,29.239999771118164,28.850000381469727,28.959999084472656,29.149999618530273,1773200.0,25.65282440185547
2013-05-03,29.670000076293945,29.239999771118164,29.459999084472656,29.3700008392334,2583200.0,25.846420288085938
2013-05-06,29.889999389648438,29.329999923706055,29.389999389648438,29.81999969482422,2614100.0,26.242435455322266
2013-05-07,30.3799991607666,29.860000610351562,29.899999618530273,30.290000915527344,3556200.0,26.656049728393555
2013-05-08,31.040000915527344,30.06999969482422,30.270000457763672,30.850000381469727,6080600.0,27.14886474609375
2013-05-09,31.020000457763672,30.520000457763672,30.8799991607666,30.549999237060547,5366700.0,26.88485336303711
2013-05-10,30.65999984741211,30.149999618530273,30.579999923706055,30.459999084472656,4157800.0,26.80565643310547
2013-05-13,30.780000686645508,30.329999923706055,30.40999984741211,30.540000915527344,4139500.0,26.876054763793945
2013-05-14,30.920000076293945,30.459999084472656,30.530000686645508,30.860000610351562,3100000.0,27.157663345336914
2013-05-15,31.299999237060547,30.649999618530273,30.81999969482422,31.209999084472656,2684300.0,27.465673446655273
2013-05-16,31.530000686645508,31.06999969482422,31.09000015258789,31.270000457763672,3645100.0,27.518476486206055
2013-05-17,31.90999984741211,31.3700008392334,31.450000762939453,31.8799991607666,4292300.0,28.055294036865234
2013-05-20,32.47999954223633,31.770000457763672,31.780000686645508,32.29999923706055,4150900.0,28.424907684326172
2013-05-21,32.380001068115234,32.029998779296875,32.25,32.150001525878906,3337900.0,28.292903900146484
2013-05-22,32.70000076293945,31.59000015258789,32.0099983215332,31.8799991607666,7967900.0,28.055294036865234
2013-05-23,31.899999618530273,31.40999984741211,31.600000381469727,31.75,7720300.0,27.940887451171875
2013-05-24,32.0099983215332,31.25,31.610000610351562,31.940000534057617,3355200.0,28.108097076416016
2013-05-28,32.720001220703125,32.150001525878906,32.400001525878906,32.34000015258789,6126500.0,28.46010971069336
2013-05-29,32.349998474121094,31.90999984741211,32.040000915527344,32.0,5603600.0,28.248247146606445
2013-05-30,32.84000015258789,31.940000534057617,32.099998474121094,32.599998474121094,4745400.0,28.77790069580078
2013-05-31,32.61000061035156,32.09000015258789,32.52000045776367,32.09000015258789,4232100.0,28.327693939208984
2013-06-03,32.349998474121094,31.540000915527344,32.13999938964844,32.2400016784668,4807000.0,28.46010971069336
2013-06-04,32.66999816894531,31.93000030517578,32.25,32.02000045776367,3896100.0,28.26590347290039
2013-06-05,32.16999816894531,31.5,31.940000534057617,31.549999237060547,6889700.0,27.85100746154785
2013-06-06,31.899999618530273,31.350000381469727,31.5,31.8799991607666,3635900.0,28.142314910888672
2013-06-07,32.29999923706055,31.799999237060547,32.0099983215332,32.25,3264600.0,28.46894073486328
2013-06-10,32.58000183105469,32.119998931884766,32.380001068115234,32.439998626708984,3790700.0,28.636653900146484
2013-06-11,32.220001220703125,31.610000610351562,32.040000915527344,31.700000762939453,4326400.0,27.98341941833496
2013-06-12,32.0,31.31999969482422,31.940000534057617,31.329999923706055,4081300.0,27.656803131103516
2013-06-13,32.02000045776367,31.280000686645508,31.360000610351562,31.950000762939453,3749800.0,28.20410919189453
2013-06-14,31.770000457763672,30.8700008392334,31.579999923706055,31.09000015258789,3981500.0,27.44493293762207
2013-06-17,31.5,31.110000610351562,31.280000686645508,31.350000381469727,3310100.0,27.674449920654297
2013-06-18,31.889999389648438,31.299999237060547,31.389999389648438,31.75,2635900.0,28.027557373046875
2013-06-19,31.739999771118164,31.219999313354492,31.670000076293945,31.25,3957400.0,27.5861759185791
2013-06-20,31.479999542236328,30.75,30.950000762939453,30.940000534057617,7121800.0,27.312522888183594
2013-06-21,31.450000762939453,30.959999084472656,31.15999984741211,31.229999542236328,6095900.0,27.568519592285156
2013-06-24,30.8799991607666,30.170000076293945,30.8799991607666,30.420000076293945,6624700.0,26.85348892211914
2013-06-25,31.34000015258789,30.610000610351562,30.790000915527344,31.219999313354492,3437700.0,27.5596923828125
2013-06-26,31.760000228881836,31.25,31.56999969482422,31.360000610351562,5013800.0,27.68328094482422
2013-06-27,31.860000610351562,31.3799991607666,31.56999969482422,31.700000762939453,4214800.0,27.98341941833496
2013-06-28,31.739999771118164,31.25,31.6299991607666,31.56999969482422,3356000.0,27.868656158447266
2013-07-01,32.220001220703125,31.6299991607666,31.790000915527344,31.989999771118164,2894000.0,28.239416122436523
2013-07-02,32.709999084472656,31.8799991607666,31.90999984741211,32.5099983215332,5382600.0,28.69845199584961
2013-07-03,33.0,32.0099983215332,32.18000030517578,32.91999816894531,4400300.0,29.060380935668945
2013-07-05,34.36000061035156,33.09000015258789,33.22999954223633,34.310001373291016,6691800.0,30.287410736083984
2013-07-08,34.59000015258789,33.93000030517578,34.5,34.060001373291016,3917300.0,30.066722869873047
2013-07-09,34.63999938964844,33.75,33.970001220703125,34.33000183105469,6497400.0,30.305072784423828
2013-07-10,34.400001525878906,33.7400016784668,34.36000061035156,33.93000030517578,4266600.0,29.95197296142578
2013-07-11,34.45000076293945,33.27000045776367,34.38999938964844,33.34000015258789,4665900.0,29.431140899658203
2013-07-12,33.970001220703125,33.400001525878906,33.400001525878906,33.970001220703125,2955600.0,29.987274169921875
2013-07-15,34.220001220703125,33.58000183105469,34.040000915527344,34.09000015258789,2691600.0,30.093212127685547
2013-07-16,34.20000076293945,33.060001373291016,34.08000183105469,33.470001220703125,3129200.0,29.5458927154541
2013-07-17,33.880001068115234,33.400001525878906,33.52000045776367,33.81999969482422,2631300.0,29.854869842529297
2013-07-18,34.4900016784668,33.709999084472656,33.900001525878906,34.29999923706055,3972400.0,30.278587341308594
2013-07-19,36.290000915527344,34.04999923706055,35.790000915527344,34.83000183105469,5850100.0,30.746450424194336
2013-07-22,35.09000015258789,34.45000076293945,34.7400016784668,35.08000183105469,2919700.0,30.96714210510254
2013-07-23,35.290000915527344,34.790000915527344,35.08000183105469,35.15999984741211,3982000.0,31.03775978088379
2013-07-24,35.439998626708984,35.02000045776367,35.279998779296875,35.09000015258789,3277100.0,30.97597312927246
2013-07-25,35.279998779296875,34.63999938964844,34.93000030517578,35.13999938964844,3646100.0,31.02010154724121
2013-07-26,34.959999084472656,34.65999984741211,34.880001068115234,34.88999938964844,2327200.0,30.799413681030273
2013-07-29,34.90999984741211,34.38999938964844,34.88999938964844,34.52000045776367,2785800.0,30.47280502319336
2013-07-30,35.04999923706055,34.529998779296875,34.709999084472656,34.65999984741211,2659700.0,30.596372604370117
2013-07-31,35.540000915527344,34.72999954223633,34.77000045776367,34.790000915527344,4646100.0,30.711139678955078
2013-08-01,35.810001373291016,35.0099983215332,35.130001068115234,35.75,2737300.0,31.5585880279541
2013-08-02,35.779998779296875,35.25,35.59000015258789,35.439998626708984,2511100.0,31.28493309020996
2013-08-05,35.66999816894531,35.2400016784668,35.41999816894531,35.41999816894531,1839200.0,31.26727294921875
2013-08-06,35.40999984741211,35.0,35.38999938964844,35.22999954223633,2693300.0,31.09955406188965
2013-08-07,35.119998931884766,34.75,35.06999969482422,34.900001525878906,2443800.0,30.808244705200195
2013-08-08,35.720001220703125,34.95000076293945,35.08000183105469,35.5099983215332,3532100.0,31.34672737121582
2013-08-09,35.2400016784668,34.630001068115234,35.16999816894531,34.970001220703125,4711600.0,30.870033264160156
2013-08-12,35.040000915527344,34.70000076293945,34.720001220703125,34.79999923706055,2630900.0,30.719970703125
2013-08-13,35.04999923706055,34.56999969482422,34.88999938964844,34.91999816894531,1686700.0,30.825897216796875
2013-08-14,35.2400016784668,34.91999816894531,34.91999816894531,34.97999954223633,1900200.0,30.878860473632812
2013-08-15,34.970001220703125,34.279998779296875,34.7400016784668,34.380001068115234,3115300.0,30.349206924438477
2013-08-16,34.970001220703125,34.27000045776367,34.27000045776367,34.599998474121094,2488100.0,30.54341697692871
2013-08-19,34.52000045776367,33.95000076293945,34.52000045776367,33.97999954223633,2564800.0,29.99610710144043
2013-08-20,34.36000061035156,33.880001068115234,34.029998779296875,34.22999954223633,2829900.0,30.216793060302734
2013-08-21,34.279998779296875,33.72999954223633,34.11000061035156,33.880001068115234,2575100.0,29.9078311920166
2013-08-22,34.630001068115234,33.93000030517578,33.95000076293945,34.349998474121094,1796900.0,30.322725296020508
2013-08-23,34.630001068115234,33.869998931884766,34.630001068115234,34.2400016784668,2681300.0,30.225627899169922
2013-08-26,34.36000061035156,33.72999954223633,34.209999084472656,33.77000045776367,2620300.0,29.81072425842285
2013-08-27,33.38999938964844,32.290000915527344,33.31999969482422,32.439998626708984,4280100.0,28.636653900146484
2013-08-28,32.59000015258789,31.950000762939453,32.349998474121094,32.29999923706055,3091200.0,28.60123634338379
2013-08-29,32.7400016784668,32.0099983215332,32.13999938964844,32.41999816894531,2361700.0,28.707500457763672
2013-08-30,32.4900016784668,31.920000076293945,32.470001220703125,32.02000045776367,2971600.0,28.35330581665039
2013-09-03,32.75,31.59000015258789,32.54999923706055,31.899999618530273,4606800.0,28.247045516967773
2013-09-04,32.54999923706055,31.90999984741211,31.950000762939453,32.36000061035156,5916400.0,28.654369354248047
2013-09-05,32.75,32.29999923706055,32.400001525878906,32.54999923706055,3112100.0,28.822608947753906
2013-09-06,33.22999954223633,32.290000915527344,33.0099983215332,32.90999984741211,4359700.0,29.141387939453125
2013-09-09,33.09000015258789,32.72999954223633,32.90999984741211,33.0,3137400.0,29.2210750579834
2013-09-10,33.380001068115234,33.040000915527344,33.18000030517578,33.15999984741211,3277400.0,29.362760543823242
2013-09-11,33.5099983215332,33.0099983215332,33.08000183105469,33.2599983215332,3276000.0,29.451305389404297
2013-09-12,33.540000915527344,33.150001525878906,33.52000045776367,33.220001220703125,2802100.0,29.415884017944336
2013-09-13,33.400001525878906,32.97999954223633,33.2599983215332,33.310001373291016,2141200.0,29.49558448791504
2013-09-16,33.779998779296875,33.33000183105469,33.709999084472656,33.599998474121094,2332200.0,29.75237274169922
2013-09-17,33.9900016784668,33.38999938964844,33.58000183105469,33.959999084472656,2621400.0,30.07115364074707
2013-09-18,34.439998626708984,33.720001220703125,33.91999816894531,34.16999816894531,4301900.0,30.257097244262695
2013-09-19,34.38999938964844,32.849998474121094,34.29999923706055,33.13999938964844,6566800.0,29.345054626464844
2013-09-20,33.290000915527344,32.880001068115234,33.09000015258789,32.939998626708984,6556700.0,29.167945861816406
2013-09-23,32.970001220703125,32.27000045776367,32.84000015258789,32.54999923706055,4237300.0,28.822608947753906
2013-09-24,32.849998474121094,32.11000061035156,32.47999954223633,32.47999954223633,3868400.0,28.760623931884766
2013-09-25,32.880001068115234,32.11000061035156,32.52000045776367,32.630001068115234,3779300.0,28.893455505371094
2013-09-26,32.849998474121094,32.40999984741211,32.66999816894531,32.63999938964844,3030900.0,28.902299880981445
2013-09-27,32.81999969482422,32.29999923706055,32.36000061035156,32.599998474121094,3176300.0,28.866886138916016
2013-09-30,32.63999938964844,32.06999969482422,32.25,32.41999816894531,5057200.0,28.707500457763672
2013-10-01,32.91999816894531,32.369998931884766,32.5099983215332,32.79999923706055,2720900.0,29.043983459472656
2013-10-02,32.790000915527344,32.380001068115234,32.529998779296875,32.650001525878906,2769100.0,28.911161422729492
2013-10-03,32.75,32.220001220703125,32.599998474121094,32.59000015258789,3456600.0,28.8580322265625
2013-10-04,33.029998779296875,32.540000915527344,32.61000061035156,32.9900016784668,2146000.0,29.21222686767578
2013-10-07,32.65999984741211,32.27000045776367,32.61000061035156,32.290000915527344,1719400.0,28.592382431030273
2013-10-08,32.4900016784668,32.150001525878906,32.220001220703125,32.15999984741211,3461100.0,28.47727394104004
2013-10-09,32.43000030517578,31.969999313354492,32.189998626708984,32.27000045776367,5618800.0,28.57467269897461
2013-10-10,33.38999938964844,32.650001525878906,32.65999984741211,33.349998474121094,3001100.0,29.5310001373291
2013-10-11,33.52000045776367,32.650001525878906,32.9900016784668,33.5099983215332,4049600.0,29.67267417907715
2013-10-14,33.4900016784668,33.09000015258789,33.220001220703125,33.43000030517578,2768900.0,29.601839065551758
2013-10-15,33.540000915527344,33.150001525878906,33.310001373291016,33.209999084472656,2287100.0,29.407033920288086
2013-10-16,34.0,33.34000015258789,33.5,33.84000015258789,2667700.0,29.964895248413086
2013-10-17,34.22999954223633,33.45000076293945,33.630001068115234,34.029998779296875,3078800.0,30.13312530517578
2013-10-18,34.91999816894531,33.86000061035156,34.61000061035156,34.66999816894531,5211900.0,30.699844360351562
2013-10-21,34.83000183105469,34.439998626708984,34.529998779296875,34.560001373291016,2622700.0,30.602445602416992
2013-10-22,34.84000015258789,34.380001068115234,34.540000915527344,34.59000015258789,5507400.0,30.62900733947754
2013-10-23,34.400001525878906,33.599998474121094,34.34000015258789,33.709999084472656,10101700.0,29.849773406982422
2013-10-24,33.790000915527344,33.09000015258789,33.720001220703125,33.36000061035156,6832600.0,29.539857864379883
2013-10-25,33.75,33.290000915527344,33.41999816894531,33.709999084472656,3834100.0,29.849773406982422
2013-10-28,34.290000915527344,33.560001373291016,33.70000076293945,34.06999969482422,3088500.0,30.168554306030273
2013-10-29,34.16999816894531,33.790000915527344,34.13999938964844,34.02000045776367,1989500.0,30.12427520751953
2013-10-30,34.25,33.93000030517578,34.09000015258789,34.13999938964844,2918900.0,30.230533599853516
2013-10-31,34.130001068115234,33.63999938964844,34.06999969482422,33.63999938964844,3131200.0,29.787797927856445
2013-11-01,33.81999969482422,33.47999954223633,33.650001525878906,33.75,4004600.0,29.885190963745117
2013-11-04,33.91999816894531,33.58000183105469,33.84000015258789,33.790000915527344,3480000.0,29.92061424255371
2013-11-05,34.040000915527344,33.56999969482422,33.63999938964844,33.849998474121094,2151300.0,29.973739624023438
2013-11-06,34.20000076293945,33.7400016784668,34.0,34.18000030517578,2582800.0,30.265960693359375
2013-11-07,34.4900016784668,34.130001068115234,34.31999969482422,34.29999923706055,5910800.0,30.37221336364746
2013-11-08,35.810001373291016,34.34000015258789,34.40999984741211,35.720001220703125,5588700.0,31.629608154296875
2013-11-11,35.95000076293945,35.59000015258789,35.63999938964844,35.70000076293945,3663100.0,31.611896514892578
2013-11-12,35.720001220703125,35.02000045776367,35.689998626708984,35.13999938964844,3339700.0,31.11602020263672
2013-11-13,35.459999084472656,34.970001220703125,35.09000015258789,35.43000030517578,2907800.0,31.3728084564209
2013-11-14,36.029998779296875,35.54999923706055,35.91999816894531,35.95000076293945,3748100.0,31.833267211914062
2013-11-15,36.15999984741211,35.900001525878906,36.060001373291016,36.029998779296875,2504800.0,31.904102325439453
2013-11-18,36.279998779296875,35.900001525878906,36.029998779296875,35.959999084472656,3666100.0,31.842119216918945
2013-11-19,36.18000030517578,35.52000045776367,35.869998931884766,35.72999954223633,3594500.0,31.63846206665039
2013-11-20,36.04999923706055,35.599998474121094,35.88999938964844,35.83000183105469,2443300.0,31.727012634277344
2013-11-21,36.13999938964844,35.790000915527344,35.97999954223633,35.849998474121094,5123800.0,31.74471664428711
2013-11-22,36.41999816894531,35.630001068115234,35.849998474121094,36.40999984741211,3051200.0,32.240577697753906
2013-11-25,36.9900016784668,36.43000030517578,36.560001373291016,36.560001373291016,4408200.0,32.373409271240234
2013-11-26,36.689998626708984,36.369998931884766,36.599998474121094,36.47999954223633,2852600.0,32.39116287231445
2013-11-27,36.63999938964844,36.369998931884766,36.540000915527344,36.439998626708984,1490900.0,32.35565948486328
2013-11-29,36.599998474121094,36.18000030517578,36.470001220703125,36.22999954223633,1062900.0,32.169193267822266
2013-12-02,36.5099983215332,35.939998626708984,36.310001373291016,36.0,2416400.0,31.964975357055664
2013-12-03,36.290000915527344,35.349998474121094,35.959999084472656,35.43000030517578,5394300.0,31.458864212036133
2013-12-04,35.599998474121094,34.93000030517578,34.93000030517578,35.09000015258789,6752900.0,31.156967163085938
2013-12-05,35.31999969482422,34.88999938964844,35.08000183105469,35.029998779296875,2953400.0,31.103696823120117
2013-12-06,35.619998931884766,35.06999969482422,35.540000915527344,35.45000076293945,4140300.0,31.47662353515625
2013-12-09,35.689998626708984,35.41999816894531,35.599998474121094,35.54999923706055,3142500.0,31.56540870666504
2013-12-10,35.709999084472656,35.279998779296875,35.470001220703125,35.5099983215332,3796900.0,31.52989387512207
2013-12-11,35.63999938964844,35.099998474121094,35.630001068115234,35.20000076293945,4799600.0,31.254634857177734
2013-12-12,35.349998474121094,35.0099983215332,35.11000061035156,35.11000061035156,3334200.0,31.174726486206055
2013-12-13,35.209999084472656,34.83000183105469,35.119998931884766,34.9900016784668,2574200.0,31.06817626953125
2013-12-16,35.5,35.09000015258789,35.209999084472656,35.349998474121094,3082700.0,31.387832641601562
2013-12-17,35.40999984741211,35.060001373291016,35.29999923706055,35.2599983215332,2407500.0,31.307924270629883
2013-12-18,35.84000015258789,34.900001525878906,35.2400016784668,35.810001373291016,4101800.0,31.79627227783203
2013-12-19,36.33000183105469,35.58000183105469,35.66999816894531,36.11000061035156,3357700.0,32.06264114379883
2013-12-20,36.61000061035156,36.060001373291016,36.31999969482422,36.38999938964844,4033200.0,32.311256408691406
2013-12-23,36.900001525878906,36.43000030517578,36.5,36.7599983215332,2269200.0,32.6397819519043
2013-12-24,36.939998626708984,36.68000030517578,36.709999084472656,36.77000045776367,872600.0,32.648681640625
2013-12-26,36.83000183105469,36.650001525878906,36.75,36.709999084472656,1306200.0,32.595394134521484
2013-12-27,36.79999923706055,36.54999923706055,36.77000045776367,36.61000061035156,1165500.0,32.50659942626953
2013-12-30,36.72999954223633,36.459999084472656,36.63999938964844,36.59000015258789,1736700.0,32.48884582519531
2013-12-31,36.880001068115234,36.52000045776367,36.72999954223633,36.810001373291016,1840700.0,32.68418502807617
2014-01-02,36.86000061035156,36.4900016784668,36.81999969482422,36.52000045776367,2241400.0,32.426692962646484
2014-01-03,36.810001373291016,36.400001525878906,36.529998779296875,36.54999923706055,1922300.0,32.45332336425781
2014-01-06,37.279998779296875,36.79999923706055,36.83000183105469,36.79999923706055,3394900.0,32.67530059814453
2014-01-07,37.439998626708984,36.79999923706055,37.400001525878906,36.970001220703125,4046800.0,32.82625961303711
2014-01-08,37.33000183105469,36.81999969482422,37.040000915527344,37.27000045776367,5409600.0,33.09262466430664
2014-01-09,38.06999969482422,37.459999084472656,37.47999954223633,38.0099983215332,4915800.0,33.74968719482422
2014-01-10,38.40999984741211,37.77000045776367,38.130001068115234,38.38999938964844,5151600.0,34.08708953857422
2014-01-13,38.58000183105469,37.9900016784668,38.27000045776367,38.150001525878906,4897900.0,33.87399673461914
2014-01-14,38.29999923706055,37.619998931884766,38.16999816894531,38.18000030517578,5108600.0,33.900634765625
2014-01-15,38.54999923706055,38.20000076293945,38.20000076293945,38.439998626708984,3217000.0,34.13149642944336
2014-01-16,38.279998779296875,37.849998474121094,38.20000076293945,38.0099983215332,3298500.0,33.74968719482422
2014-01-17,40.0,38.7400016784668,39.4900016784668,39.34000015258789,8447300.0,34.93062210083008
2014-01-21,40.0,39.380001068115234,39.540000915527344,39.869998931884766,5941300.0,35.401206970214844
2014-01-22,40.209999084472656,39.709999084472656,40.0,39.86000061035156,3217400.0,35.39232635498047
2014-01-23,39.619998931884766,38.880001068115234,39.59000015258789,39.16999816894531,4256700.0,34.779666900634766
2014-01-24,38.91999816894531,38.029998779296875,38.91999816894531,38.04999923706055,4326100.0,33.785213470458984
2014-01-27,38.2599983215332,37.7400016784668,38.029998779296875,37.849998474121094,3737900.0,33.60760498046875
2014-01-28,38.29999923706055,37.790000915527344,38.099998474121094,38.040000915527344,3333400.0,33.77632522583008
2014-01-29,38.29999923706055,37.43000030517578,37.9900016784668,37.54999923706055,3722100.0,33.341251373291016
2014-01-30,38.02000045776367,37.47999954223633,38.0,37.810001373291016,2138700.0,33.57210159301758
2014-01-31,37.4900016784668,36.95000076293945,37.290000915527344,37.02000045776367,3707800.0,32.87063980102539
2014-02-03,37.209999084472656,36.22999954223633,37.09000015258789,36.400001525878906,5949800.0,32.32014083862305
2014-02-04,37.040000915527344,36.470001220703125,36.65999984741211,36.88999938964844,4702500.0,32.75522232055664
2014-02-05,37.099998474121094,36.380001068115234,36.540000915527344,36.880001068115234,4916400.0,32.7463493347168
2014-02-06,37.72999954223633,36.849998474121094,36.970001220703125,37.70000076293945,3035300.0,33.47442626953125
2014-02-07,38.34000015258789,37.68000030517578,37.81999969482422,38.04999923706055,3919300.0,33.785213470458984
2014-02-10,38.06999969482422,37.470001220703125,37.959999084472656,37.970001220703125,2835900.0,33.71417236328125
2014-02-11,38.349998474121094,37.61000061035156,37.79999923706055,38.29999923706055,3366000.0,34.00718307495117
2014-02-12,38.70000076293945,37.029998779296875,38.36000061035156,37.130001068115234,7229300.0,32.96832275390625
2014-02-13,37.45000076293945,36.709999084472656,36.83000183105469,37.439998626708984,4028100.0,33.24357604980469
2014-02-14,37.849998474121094,37.43000030517578,37.470001220703125,37.84000015258789,2271900.0,33.59873580932617
2014-02-18,37.88999938964844,37.380001068115234,37.880001068115234,37.65999984741211,1657600.0,33.43891906738281
2014-02-19,37.619998931884766,36.79999923706055,37.52000045776367,36.91999816894531,2909800.0,32.78185272216797
2014-02-20,37.25,36.63999938964844,36.959999084472656,37.08000183105469,2810000.0,32.92392349243164
2014-02-21,37.5,37.060001373291016,37.119998931884766,37.220001220703125,2271600.0,33.04824447631836
2014-02-24,38.040000915527344,37.220001220703125,37.2400016784668,37.59000015258789,3054700.0,33.37675857543945
2014-02-25,37.56999969482422,37.16999816894531,37.560001373291016,37.29999923706055,2631000.0,33.1192626953125
2014-02-26,37.40999984741211,36.97999954223633,37.310001373291016,37.36000061035156,2733500.0,33.26171112060547
2014-02-27,37.59000015258789,37.130001068115234,37.290000915527344,37.59000015258789,1690300.0,33.466487884521484
2014-02-28,37.970001220703125,37.18000030517578,37.40999984741211,37.68000030517578,3473900.0,33.54661560058594
2014-03-03,37.380001068115234,37.029998779296875,37.279998779296875,37.209999084472656,2183200.0,33.12816619873047
2014-03-04,38.31999969482422,37.529998779296875,37.54999923706055,38.209999084472656,3281900.0,34.018470764160156
2014-03-05,38.7400016784668,38.13999938964844,38.20000076293945,38.560001373291016,2941100.0,34.330081939697266
2014-03-06,39.18000030517578,38.58000183105469,38.720001220703125,38.90999984741211,2347400.0,34.641685485839844
2014-03-07,39.81999969482422,39.25,39.279998779296875,39.7400016784668,3601800.0,35.38063430786133
2014-03-10,39.59000015258789,38.95000076293945,39.59000015258789,39.540000915527344,2607300.0,35.202571868896484
2014-03-11,39.65999984741211,38.939998626708984,39.599998474121094,39.130001068115234,2351800.0,34.83755111694336
2014-03-12,39.08000183105469,38.619998931884766,38.959999084472656,39.06999969482422,2142700.0,34.78413009643555
2014-03-13,39.41999816894531,38.560001373291016,39.220001220703125,38.65999984741211,2380800.0,34.41910171508789
2014-03-14,38.939998626708984,38.36000061035156,38.54999923706055,38.619998931884766,2208100.0,34.38349914550781
2014-03-17,39.2400016784668,38.72999954223633,38.900001525878906,39.150001525878906,2224200.0,34.8553581237793
2014-03-18,39.290000915527344,38.970001220703125,39.2400016784668,39.279998779296875,1831200.0,34.97108840942383
2014-03-19,40.04999923706055,38.970001220703125,39.209999084472656,39.58000183105469,4241100.0,35.238189697265625
2014-03-20,40.5,39.38999938964844,39.38999938964844,40.189998626708984,3738500.0,35.781272888183594
2014-03-21,41.2599983215332,40.310001373291016,40.599998474121094,40.36000061035156,5836600.0,35.93262481689453
2014-03-24,40.91999816894531,40.09000015258789,40.439998626708984,40.22999954223633,2454500.0,35.81688690185547
2014-03-25,40.45000076293945,40.060001373291016,40.41999816894531,40.380001068115234,2407600.0,35.95042037963867
2014-03-26,40.63999938964844,39.56999969482422,40.529998779296875,39.58000183105469,2826700.0,35.238189697265625
2014-03-27,39.869998931884766,38.7400016784668,39.650001525878906,38.959999084472656,3439400.0,34.68619918823242
2014-03-28,39.41999816894531,38.93000030517578,39.18000030517578,39.029998779296875,2977000.0,34.74851608276367
2014-03-31,39.900001525878906,39.29999923706055,39.29999923706055,39.790000915527344,3343600.0,35.42515563964844
2014-04-01,40.470001220703125,39.9900016784668,40.08000183105469,40.27000045776367,4620600.0,35.85250473022461
2014-04-02,40.470001220703125,39.9900016784668,40.2599983215332,40.380001068115234,4363300.0,35.95042037963867
2014-04-03,40.5,40.099998474121094,40.380001068115234,40.22999954223633,3190300.0,35.81688690185547
2014-04-04,40.54999923706055,39.65999984741211,40.36000061035156,39.68000030517578,3506900.0,35.327213287353516
2014-04-07,39.70000076293945,38.9900016784668,39.68000030517578,39.130001068115234,3061100.0,34.83755111694336
2014-04-08,39.33000183105469,38.709999084472656,39.06999969482422,39.040000915527344,3855500.0,34.757423400878906
2014-04-09,39.540000915527344,38.88999938964844,39.189998626708984,39.34000015258789,2659600.0,35.02452087402344
2014-04-10,39.400001525878906,38.08000183105469,39.27000045776367,38.119998931884766,3863200.0,33.9383430480957
2014-04-11,38.220001220703125,37.380001068115234,37.91999816894531,37.75,3414400.0,33.60892868041992
2014-04-14,38.38999938964844,37.33000183105469,38.189998626708984,37.810001373291016,2547800.0,33.662349700927734
2014-04-15,38.279998779296875,37.470001220703125,37.849998474121094,38.040000915527344,3257400.0,33.867122650146484
2014-04-16,38.38999938964844,37.93000030517578,38.369998931884766,38.15999984741211,2139800.0,33.97394943237305
2014-04-17,38.27000045776367,37.43000030517578,38.150001525878906,37.95000076293945,5464600.0,33.78699493408203
2014-04-21,39.40999984741211,38.349998474121094,38.4900016784668,38.5099983215332,4108700.0,34.28555679321289
2014-04-22,39.439998626708984,38.470001220703125,38.63999938964844,39.20000076293945,3255700.0,34.89986038208008
2014-04-23,39.439998626708984,38.880001068115234,39.16999816894531,39.040000915527344,2065700.0,34.757423400878906
2014-04-24,39.279998779296875,38.650001525878906,39.279998779296875,38.810001373291016,3428700.0,34.55265808105469
2014-04-25,38.790000915527344,38.40999984741211,38.65999984741211,38.439998626708984,2552200.0,34.22324752807617
2014-04-28,38.59000015258789,37.619998931884766,38.540000915527344,37.810001373291016,4398800.0,33.662349700927734
2014-04-29,38.22999954223633,37.779998779296875,38.02000045776367,37.939998626708984,1802300.0,33.7780876159668
2014-04-30,38.369998931884766,37.66999816894531,37.790000915527344,38.2599983215332,2663500.0,34.06298828125
2014-05-01,38.29999923706055,37.65999984741211,38.2400016784668,37.959999084472656,4076800.0,33.795894622802734
2014-05-02,38.84000015258789,38.02000045776367,38.02000045776367,38.31999969482422,2949400.0,34.11641311645508
2014-05-05,38.290000915527344,37.83000183105469,38.119998931884766,38.2599983215332,1751300.0,34.06298828125
2014-05-06,38.130001068115234,37.5099983215332,38.09000015258789,37.5099983215332,1956300.0,33.39527130126953
2014-05-07,38.209999084472656,37.369998931884766,37.68000030517578,38.20000076293945,2885400.0,34.00956344604492
2014-05-08,38.27000045776367,37.79999923706055,38.11000061035156,37.939998626708984,3119700.0,33.7780876159668
2014-05-09,38.0,37.380001068115234,37.93000030517578,38.0,2079600.0,33.831512451171875
2014-05-12,38.79999923706055,38.06999969482422,38.150001525878906,38.72999954223633,2412400.0,34.481422424316406
2014-05-13,38.9900016784668,38.560001373291016,38.84000015258789,38.619998931884766,2996800.0,34.38349914550781
2014-05-14,38.61000061035156,37.849998474121094,38.560001373291016,37.97999954223633,2844500.0,33.81370162963867
2014-05-15,37.869998931884766,37.02000045776367,37.849998474121094,37.630001068115234,2785800.0,33.502105712890625
2014-05-16,37.61000061035156,36.81999969482422,37.58000183105469,37.209999084472656,5018700.0,33.12816619873047
2014-05-19,37.95000076293945,37.099998474121094,37.13999938964844,37.939998626708984,2618000.0,33.7780876159668
2014-05-20,37.91999816894531,37.5,37.91999816894531,37.70000076293945,2917200.0,33.56441116333008
2014-05-21,38.31999969482422,37.81999969482422,37.93000030517578,38.09000015258789,2423800.0,33.911643981933594
2014-05-22,38.279998779296875,37.959999084472656,38.099998474121094,38.11000061035156,3059300.0,33.929443359375
2014-05-23,38.43000030517578,38.130001068115234,38.220001220703125,38.31999969482422,2134300.0,34.11641311645508
2014-05-27,38.7599983215332,38.2400016784668,38.470001220703125,38.45000076293945,3112800.0,34.23214340209961
2014-05-28,38.43000030517578,38.08000183105469,38.29999923706055,38.25,2019700.0,34.23214340209961
2014-05-29,38.40999984741211,37.93000030517578,38.33000183105469,38.15999984741211,2087700.0,34.1515998840332
2014-05-30,38.56999969482422,38.150001525878906,38.150001525878906,38.31999969482422,1887400.0,34.29479217529297
2014-06-02,38.93000030517578,38.279998779296875,38.43000030517578,38.869998931884766,2700800.0,34.787017822265625
2014-06-03,39.209999084472656,38.720001220703125,38.84000015258789,38.9900016784668,2278000.0,34.8944206237793
2014-06-04,39.130001068115234,38.72999954223633,38.91999816894531,38.83000183105469,2045100.0,34.75122833251953
2014-06-05,39.33000183105469,38.54999923706055,38.93000030517578,39.20000076293945,4971600.0,35.08234405517578
2014-06-06,39.810001373291016,39.279998779296875,39.279998779296875,39.63999938964844,4332700.0,35.476131439208984
2014-06-09,40.689998626708984,39.90999984741211,39.95000076293945,40.459999084472656,4256200.0,36.209999084472656
2014-06-10,40.5099983215332,40.20000076293945,40.369998931884766,40.369998931884766,2548800.0,36.129451751708984
2014-06-11,40.380001068115234,40.040000915527344,40.220001220703125,40.310001373291016,2592100.0,36.07576370239258
2014-06-12,40.34000015258789,39.86000061035156,40.20000076293945,40.02000045776367,2535000.0,35.816219329833984
2014-06-13,40.36000061035156,39.95000076293945,40.06999969482422,40.2599983215332,3399200.0,36.0310173034668
2014-06-16,40.220001220703125,39.70000076293945,40.119998931884766,39.849998474121094,3456400.0,35.66407775878906
2014-06-17,40.619998931884766,39.689998626708984,39.7400016784668,40.4900016784668,3368100.0,36.236854553222656
2014-06-18,40.45000076293945,40.040000915527344,40.349998474121094,40.41999816894531,2763700.0,36.17421340942383
2014-06-19,40.439998626708984,39.959999084472656,40.380001068115234,40.18000030517578,2639500.0,35.959407806396484
2014-06-20,40.650001525878906,40.34000015258789,40.349998474121094,40.470001220703125,3694700.0,36.218955993652344
2014-06-23,40.650001525878906,40.27000045776367,40.560001373291016,40.41999816894531,2009300.0,36.17421340942383
2014-06-24,40.84000015258789,40.040000915527344,40.279998779296875,40.11000061035156,3127100.0,35.896766662597656
2014-06-25,40.400001525878906,39.75,40.0,40.29999923706055,2442800.0,36.06680679321289
2014-06-26,40.33000183105469,39.790000915527344,40.33000183105469,40.15999984741211,2808600.0,35.9415168762207
2014-06-27,40.27000045776367,39.93000030517578,40.06999969482422,40.220001220703125,2192700.0,35.99521255493164
2014-06-30,40.290000915527344,39.95000076293945,40.13999938964844,40.060001373291016,2870800.0,35.85201644897461
2014-07-01,40.63999938964844,40.11000061035156,40.25,40.119998931884766,4246400.0,35.905704498291016
2014-07-02,40.310001373291016,39.959999084472656,40.119998931884766,40.18000030517578,2626500.0,35.959407806396484
2014-07-03,40.86000061035156,40.36000061035156,40.400001525878906,40.7599983215332,1951700.0,36.47848892211914
2014-07-07,40.7599983215332,40.209999084472656,40.7599983215332,40.27000045776367,3213400.0,36.03996276855469
2014-07-08,40.18000030517578,39.5,40.13999938964844,39.619998931884766,3027300.0,35.45823669433594
2014-07-09,40.0,39.66999816894531,39.709999084472656,39.869998931884766,2797200.0,35.681983947753906
2014-07-10,39.77000045776367,39.20000076293945,39.349998474121094,39.650001525878906,3277900.0,35.4850959777832
2014-07-11,39.9900016784668,39.290000915527344,39.45000076293945,39.849998474121094,2497300.0,35.66407775878906
2014-07-14,40.31999969482422,39.7599983215332,40.18000030517578,39.81999969482422,1993800.0,35.637229919433594
2014-07-15,40.79999923706055,40.06999969482422,40.08000183105469,40.720001220703125,4468000.0,36.44269561767578
2014-07-16,40.84000015258789,40.22999954223633,40.790000915527344,40.36000061035156,3458500.0,36.120506286621094
2014-07-17,40.119998931884766,38.95000076293945,40.09000015258789,39.06999969482422,4395300.0,34.96601486206055
2014-07-18,39.81999969482422,39.2599983215332,39.380001068115234,39.720001220703125,3580300.0,35.547733306884766
2014-07-21,39.91999816894531,38.65999984741211,39.90999984741211,39.279998779296875,5810700.0,35.1539421081543
2014-07-22,39.11000061035156,38.220001220703125,38.959999084472656,38.25,7065200.0,34.23214340209961
2014-07-23,38.63999938964844,37.91999816894531,38.290000915527344,38.5,4851400.0,34.45588302612305
2014-07-24,39.11000061035156,38.58000183105469,38.689998626708984,38.90999984741211,3592700.0,34.82282257080078
2014-07-25,39.11000061035156,38.77000045776367,38.810001373291016,39.08000183105469,2590700.0,34.97496795654297
2014-07-28,39.040000915527344,38.529998779296875,39.0,38.68000030517578,2629500.0,34.616973876953125
2014-07-29,38.84000015258789,38.47999954223633,38.66999816894531,38.5,2847300.0,34.45588302612305
2014-07-30,39.02000045776367,38.47999954223633,38.7599983215332,38.70000076293945,2381200.0,34.6348762512207
2014-07-31,38.650001525878906,38.04999923706055,38.5,38.04999923706055,2972100.0,34.053157806396484
2014-08-01,38.18000030517578,37.31999969482422,38.060001373291016,37.52000045776367,3019800.0,33.578826904296875
2014-08-04,37.72999954223633,37.02000045776367,37.709999084472656,37.5,3836900.0,33.56093215942383
2014-08-05,37.56999969482422,36.90999984741211,37.400001525878906,37.0,3411800.0,33.11345291137695
2014-08-06,37.36000061035156,36.880001068115234,36.88999938964844,37.02000045776367,2657600.0,33.13134002685547
2014-08-07,37.209999084472656,36.41999816894531,37.189998626708984,36.54999923706055,2516300.0,32.71072006225586
2014-08-08,37.029998779296875,36.41999816894531,36.54999923706055,37.0,2844200.0,33.11345291137695
2014-08-11,37.04999923706055,36.58000183105469,37.04999923706055,36.599998474121094,2234000.0,32.75545883178711
2014-08-12,36.880001068115234,36.439998626708984,36.59000015258789,36.56999969482422,3107600.0,32.72861862182617
2014-08-13,37.029998779296875,36.70000076293945,36.84000015258789,36.93000030517578,2404100.0,33.05079650878906
2014-08-14,37.119998931884766,36.83000183105469,36.86000061035156,36.970001220703125,1896700.0,33.08660125732422
2014-08-15,37.18000030517578,36.560001373291016,37.11000061035156,36.810001373291016,2810300.0,32.94340515136719
2014-08-18,37.33000183105469,36.93000030517578,36.9900016784668,37.18000030517578,2875800.0,33.2745475769043
2014-08-19,37.439998626708984,37.13999938964844,37.2599983215332,37.27000045776367,2259800.0,33.35508728027344
2014-08-20,37.5099983215332,37.060001373291016,37.150001525878906,37.470001220703125,2096000.0,33.534080505371094
2014-08-21,38.59000015258789,37.470001220703125,37.540000915527344,38.400001525878906,5543300.0,34.366390228271484
2014-08-22,38.52000045776367,38.11000061035156,38.290000915527344,38.130001068115234,2636900.0,34.1247444152832
2014-08-25,38.540000915527344,38.27000045776367,38.36000061035156,38.45000076293945,1849200.0,34.41114044189453
2014-08-26,38.63999938964844,38.36000061035156,38.459999084472656,38.459999084472656,2346800.0,34.42008972167969
2014-08-27,38.36000061035156,37.84000015258789,38.2599983215332,37.97999954223633,2026600.0,34.16818618774414
2014-08-28,38.08000183105469,37.619998931884766,37.84000015258789,37.90999984741211,1638500.0,34.1052131652832
2014-08-29,38.130001068115234,37.709999084472656,38.029998779296875,38.08000183105469,1607400.0,34.25815963745117
2014-09-02,38.369998931884766,37.900001525878906,38.20000076293945,38.220001220703125,2254200.0,34.384098052978516
2014-09-03,38.5099983215332,37.9900016784668,38.5,38.189998626708984,2216800.0,34.35710906982422
2014-09-04,38.72999954223633,38.15999984741211,38.279998779296875,38.459999084472656,2613100.0,34.600006103515625
2014-09-05,38.540000915527344,38.04999923706055,38.349998474121094,38.5,2407900.0,34.63600158691406
2014-09-08,38.75,38.369998931884766,38.380001068115234,38.68000030517578,2948300.0,34.79792785644531
2014-09-09,38.68000030517578,38.27000045776367,38.54999923706055,38.459999084472656,3122300.0,34.600006103515625
2014-09-10,39.06999969482422,38.40999984741211,38.599998474121094,38.959999084472656,3861400.0,35.049827575683594
2014-09-11,39.16999816894531,38.779998779296875,38.880001068115234,39.06999969482422,3461500.0,35.1487922668457
2014-09-12,39.61000061035156,39.0099983215332,39.150001525878906,39.06999969482422,5759100.0,35.1487922668457
2014-09-15,39.349998474121094,39.029998779296875,39.029998779296875,39.209999084472656,3579200.0,35.27473068237305
2014-09-16,39.599998474121094,39.029998779296875,39.11000061035156,39.369998931884766,4233300.0,35.41867446899414
2014-09-17,39.970001220703125,39.27000045776367,39.43000030517578,39.720001220703125,3645400.0,35.733558654785156
2014-09-18,40.2400016784668,39.869998931884766,39.880001068115234,40.119998931884766,3214500.0,36.09340286254883
2014-09-19,40.470001220703125,39.810001373291016,40.38999938964844,39.84000015258789,3230500.0,35.84151077270508
2014-09-22,39.91999816894531,39.290000915527344,39.810001373291016,39.38999938964844,2887500.0,35.436683654785156
2014-09-23,39.4900016784668,39.04999923706055,39.290000915527344,39.060001373291016,3269100.0,35.139801025390625
2014-09-24,39.16999816894531,38.52000045776367,39.06999969482422,38.900001525878906,4309900.0,34.9958610534668
2014-09-25,38.869998931884766,38.13999938964844,38.849998474121094,38.380001068115234,3457400.0,34.52804183959961
2014-09-26,38.63999938964844,38.27000045776367,38.47999954223633,38.56999969482422,2153900.0,34.698970794677734
2014-09-29,38.540000915527344,38.20000076293945,38.2400016784668,38.34000015258789,2214900.0,34.4920654296875
2014-09-30,38.5099983215332,37.869998931884766,38.45000076293945,38.029998779296875,3748400.0,34.21316909790039
2014-10-01,38.099998474121094,37.54999923706055,38.06999969482422,37.63999938964844,4023700.0,33.862308502197266
2014-10-02,37.900001525878906,37.2400016784668,37.5099983215332,37.630001068115234,4446200.0,33.85332107543945
2014-10-03,38.130001068115234,37.79999923706055,37.86000061035156,37.970001220703125,4544700.0,34.15919494628906
2014-10-06,38.220001220703125,37.650001525878906,38.11000061035156,37.650001525878906,4425100.0,33.871307373046875
2014-10-07,37.560001373291016,37.04999923706055,37.31999969482422,37.04999923706055,4194200.0,33.33152389526367
2014-10-08,37.4900016784668,36.81999969482422,36.97999954223633,37.4900016784668,4900800.0,33.727359771728516
2014-10-09,37.43000030517578,36.349998474121094,37.380001068115234,36.43000030517578,4757000.0,32.77375411987305
2014-10-10,36.790000915527344,35.970001220703125,36.439998626708984,35.970001220703125,4885100.0,32.359920501708984
2014-10-13,36.290000915527344,35.599998474121094,36.06999969482422,35.619998931884766,5778700.0,32.0450439453125
2014-10-14,36.13999938964844,35.599998474121094,35.75,35.77000045776367,4531400.0,32.179988861083984
2014-10-15,35.369998931884766,34.029998779296875,35.36000061035156,34.72999954223633,7143500.0,31.244375228881836
2014-10-16,35.2400016784668,33.970001220703125,34.13999938964844,34.939998626708984,5061200.0,31.43328857421875
2014-10-17,36.279998779296875,35.40999984741211,35.4900016784668,35.84000015258789,6799800.0,32.24296188354492
2014-10-20,36.630001068115234,35.86000061035156,35.91999816894531,36.47999954223633,5058300.0,32.81873321533203
2014-10-21,37.290000915527344,36.72999954223633,36.77000045776367,37.15999984741211,3901300.0,33.430484771728516
2014-10-22,37.41999816894531,36.72999954223633,37.150001525878906,36.72999954223633,3622300.0,33.043643951416016
2014-10-23,37.38999938964844,37.0,37.20000076293945,37.09000015258789,2788600.0,33.36750411987305
2014-10-24,37.45000076293945,36.97999954223633,37.040000915527344,37.40999984741211,2647800.0,33.6553955078125
2014-10-27,37.88999938964844,37.27000045776367,37.290000915527344,37.849998474121094,3772400.0,34.05122375488281
2014-10-28,38.43000030517578,37.86000061035156,37.900001525878906,38.43000030517578,3399700.0,34.57302474975586
2014-10-29,38.779998779296875,38.18000030517578,38.36000061035156,38.619998931884766,3655800.0,34.74395751953125
2014-10-30,38.81999969482422,38.279998779296875,38.540000915527344,38.58000183105469,2967100.0,34.70796585083008
2014-10-31,39.13999938964844,38.790000915527344,39.040000915527344,39.13999938964844,3067700.0,35.211769104003906
2014-11-03,39.47999954223633,38.959999084472656,39.290000915527344,39.02000045776367,2454900.0,35.10380935668945
2014-11-04,39.13999938964844,38.540000915527344,39.040000915527344,39.04999923706055,2826900.0,35.13079833984375
2014-11-05,39.599998474121094,39.13999938964844,39.29999923706055,39.599998474121094,2566000.0,35.62559127807617
2014-11-06,39.84000015258789,39.34000015258789,39.630001068115234,39.81999969482422,1979800.0,35.82352066040039
2014-11-07,39.86000061035156,39.5,39.689998626708984,39.65999984741211,1808200.0,35.67957305908203
2014-11-10,39.880001068115234,39.52000045776367,39.59000015258789,39.83000183105469,2345900.0,35.8325080871582
2014-11-11,39.95000076293945,39.65999984741211,39.83000183105469,39.7599983215332,1705000.0,35.76953887939453
2014-11-12,39.900001525878906,39.349998474121094,39.59000015258789,39.849998474121094,2171900.0,35.85050582885742
2014-11-13,39.90999984741211,39.45000076293945,39.849998474121094,39.779998779296875,2789500.0,35.787532806396484
2014-11-14,39.95000076293945,39.4900016784668,39.68000030517578,39.560001373291016,1586400.0,35.58961868286133
2014-11-17,39.68000030517578,39.16999816894531,39.68000030517578,39.43000030517578,1723600.0,35.47265625
2014-11-18,39.81999969482422,39.45000076293945,39.459999084472656,39.619998931884766,1447700.0,35.643592834472656
2014-11-19,39.709999084472656,39.119998931884766,39.619998931884766,39.34000015258789,2550500.0,35.39169692993164
2014-11-20,39.470001220703125,39.0,39.0099983215332,39.45000076293945,2116400.0,35.490657806396484
2014-11-21,39.90999984741211,39.290000915527344,39.79999923706055,39.459999084472656,2603800.0,35.4996452331543
2014-11-24,39.93000030517578,39.58000183105469,39.630001068115234,39.900001525878906,2102200.0,35.895484924316406
2014-11-25,39.849998474121094,39.5,39.70000076293945,39.7599983215332,2006900.0,35.949737548828125
2014-11-26,39.83000183105469,39.380001068115234,39.75,39.66999816894531,1898300.0,35.868370056152344
2014-11-28,39.81999969482422,39.220001220703125,39.66999816894531,39.290000915527344,1167700.0,35.5247688293457
2014-12-01,39.20000076293945,38.4900016784668,39.029998779296875,38.849998474121094,3045100.0,35.1269416809082
2014-12-02,39.560001373291016,38.849998474121094,38.849998474121094,39.38999938964844,3298100.0,35.615203857421875
2014-12-03,39.88999938964844,39.369998931884766,39.439998626708984,39.849998474121094,2187400.0,36.03111267089844
2014-12-04,40.060001373291016,39.52000045776367,39.79999923706055,40.029998779296875,2679900.0,36.19385528564453
2014-12-05,41.650001525878906,40.400001525878906,40.400001525878906,41.31999969482422,4863300.0,37.3602409362793
2014-12-08,41.77000045776367,41.06999969482422,41.29999923706055,41.43000030517578,4433200.0,37.45969772338867
2014-12-09,41.709999084472656,40.7400016784668,40.959999084472656,41.689998626708984,2671300.0,37.69478225708008
2014-12-10,41.7400016784668,40.75,41.540000915527344,40.869998931884766,4210600.0,36.95335388183594
2014-12-11,41.47999954223633,40.88999938964844,41.099998474121094,41.02000045776367,3169200.0,37.088993072509766
2014-12-12,40.97999954223633,40.189998626708984,40.66999816894531,40.22999954223633,3445000.0,36.374698638916016
2014-12-15,40.66999816894531,39.7400016784668,40.58000183105469,40.0099983215332,4314500.0,36.175777435302734
2014-12-16,40.63999938964844,39.4900016784668,39.72999954223633,39.7400016784668,4113900.0,35.9316520690918
2014-12-17,40.61000061035156,39.779998779296875,40.0,40.54999923706055,3908500.0,36.664024353027344
2014-12-18,41.709999084472656,41.029998779296875,41.040000915527344,41.709999084472656,3775800.0,37.712867736816406
2014-12-19,42.130001068115234,41.689998626708984,41.83000183105469,41.95000076293945,6300800.0,37.929866790771484
2014-12-22,42.150001525878906,41.599998474121094,41.90999984741211,42.130001068115234,2695300.0,38.09261703491211
2014-12-23,42.83000183105469,42.15999984741211,42.220001220703125,42.61000061035156,2969100.0,38.5266227722168
2014-12-24,42.79999923706055,42.27000045776367,42.68000030517578,42.43000030517578,1528600.0,38.363868713378906
2014-12-26,42.75,42.45000076293945,42.45000076293945,42.470001220703125,1403100.0,38.4000358581543
2014-12-29,43.060001373291016,42.34000015258789,42.349998474121094,42.689998626708984,1554100.0,38.59894943237305
2014-12-30,42.7400016784668,42.36000061035156,42.5099983215332,42.58000183105469,1360400.0,38.49949645996094
2014-12-31,42.7599983215332,41.88999938964844,42.75,41.900001525878906,2703900.0,37.88465881347656
2015-01-02,42.439998626708984,41.2599983215332,42.220001220703125,41.72999954223633,2570700.0,37.7309455871582
2015-01-05,41.599998474121094,40.02000045776367,41.52000045776367,40.2400016784668,4599300.0,36.38373565673828
2015-01-06,40.380001068115234,38.790000915527344,40.209999084472656,39.08000183105469,5292100.0,35.33490753173828
2015-01-07,39.52000045776367,38.900001525878906,39.380001068115234,39.4900016784668,4291900.0,35.70561599731445
2015-01-08,40.25,39.75,39.79999923706055,40.16999816894531,4178700.0,36.32045364379883
2015-01-09,40.130001068115234,38.81999969482422,40.130001068115234,38.81999969482422,3369400.0,35.09981918334961
2015-01-12,38.81999969482422,38.09000015258789,38.709999084472656,38.40999984741211,4112800.0,34.7291145324707
2015-01-13,38.91999816894531,37.779998779296875,38.7400016784668,38.08000183105469,4040600.0,34.43074417114258
2015-01-14,37.790000915527344,36.779998779296875,37.599998474121094,37.369998931884766,5198800.0,33.788780212402344
2015-01-15,37.45000076293945,36.52000045776367,37.189998626708984,36.709999084472656,5935600.0,33.1920280456543
2015-01-16,38.7400016784668,37.290000915527344,37.72999954223633,38.189998626708984,7589900.0,34.53019332885742
2015-01-20,38.400001525878906,37.68000030517578,38.369998931884766,37.90999984741211,4839900.0,34.27702713012695
2015-01-21,38.54999923706055,37.70000076293945,37.790000915527344,38.459999084472656,5706900.0,34.77431106567383
2015-01-22,39.939998626708984,38.45000076293945,38.75,39.86000061035156,6181300.0,36.0401496887207
2015-01-23,40.150001525878906,39.439998626708984,39.83000183105469,39.45000076293945,4391900.0,35.66945266723633
2015-01-26,39.90999984741211,39.16999816894531,39.29999923706055,39.81999969482422,3726300.0,36.003990173339844
2015-01-27,39.59000015258789,39.040000915527344,39.22999954223633,39.189998626708984,4042000.0,35.43436813354492
2015-01-28,39.5,38.15999984741211,39.41999816894531,38.15999984741211,5783000.0,34.5030632019043
2015-01-29,38.9900016784668,38.06999969482422,38.34000015258789,38.900001525878906,4295100.0,35.17216110229492
2015-01-30,39.150001525878906,38.290000915527344,38.439998626708984,38.41999816894531,7298800.0,34.73815155029297
2015-02-02,39.310001373291016,38.310001373291016,38.689998626708984,39.2400016784668,3477600.0,35.47956848144531
2015-02-03,39.869998931884766,39.43000030517578,39.4900016784668,39.72999954223633,4479100.0,35.92261505126953
2015-02-04,39.939998626708984,39.5099983215332,39.66999816894531,39.59000015258789,3317500.0,35.7960319519043
2015-02-05,40.470001220703125,39.790000915527344,39.810001373291016,40.310001373291016,2468100.0,36.44703674316406
2015-02-06,41.72999954223633,40.709999084472656,40.810001373291016,41.15999984741211,4758600.0,37.21556854248047
2015-02-09,41.040000915527344,40.56999969482422,40.790000915527344,40.70000076293945,2404400.0,36.79965591430664
2015-02-10,41.099998474121094,40.560001373291016,41.060001373291016,40.959999084472656,2337700.0,37.03474426269531
2015-02-11,40.97999954223633,40.5099983215332,40.810001373291016,40.779998779296875,1892200.0,36.87199401855469
2015-02-12,41.58000183105469,40.83000183105469,41.060001373291016,41.560001373291016,3066300.0,37.577239990234375
2015-02-13,42.0,41.41999816894531,41.7599983215332,41.56999969482422,2656500.0,37.586280822753906
2015-02-17,41.689998626708984,41.08000183105469,41.369998931884766,41.66999816894531,2476400.0,37.67670822143555
2015-02-18,41.630001068115234,40.900001525878906,41.630001068115234,40.970001220703125,3041400.0,37.043785095214844
2015-02-19,41.0,40.5,40.86000061035156,40.66999816894531,3761200.0,36.77253341674805
2015-02-20,41.099998474121094,40.20000076293945,40.4900016784668,41.08000183105469,3011100.0,37.14324188232422
2015-02-23,41.06999969482422,40.70000076293945,40.939998626708984,40.9900016784668,2113100.0,37.06187057495117
2015-02-24,41.66999816894531,41.02000045776367,41.060001373291016,41.45000076293945,2492000.0,37.477787017822266
2015-02-25,41.459999084472656,41.150001525878906,41.290000915527344,41.310001373291016,2586100.0,37.532291412353516
2015-02-26,41.34000015258789,40.95000076293945,41.220001220703125,41.18000030517578,2342700.0,37.414180755615234
2015-02-27,41.290000915527344,40.95000076293945,41.06999969482422,41.0,3172100.0,37.250640869140625
2015-03-02,41.33000183105469,40.79999923706055,41.06999969482422,41.27000045776367,3404300.0,37.4959602355957
2015-03-03,41.439998626708984,41.029998779296875,41.189998626708984,41.41999816894531,2646600.0,37.632232666015625
2015-03-04,41.22999954223633,40.900001525878906,41.130001068115234,40.959999084472656,2561000.0,37.21430587768555
2015-03-05,41.31999969482422,40.58000183105469,40.93000030517578,41.220001220703125,2952000.0,37.450531005859375
2015-03-06,42.38999938964844,41.36000061035156,41.400001525878906,41.91999816894531,5537600.0,38.086509704589844
2015-03-09,42.189998626708984,41.72999954223633,41.849998474121094,42.09000015258789,2637800.0,38.240966796875
2015-03-10,41.650001525878906,41.130001068115234,41.650001525878906,41.13999938964844,2978500.0,37.37784194946289
2015-03-11,41.54999923706055,41.13999938964844,41.279998779296875,41.40999984741211,2069700.0,37.62316131591797
2015-03-12,42.7400016784668,41.849998474121094,41.849998474121094,42.720001220703125,3477000.0,38.813350677490234
2015-03-13,42.720001220703125,41.880001068115234,42.65999984741211,42.43000030517578,2463300.0,38.54987716674805
2015-03-16,42.79999923706055,42.40999984741211,42.59000015258789,42.779998779296875,2507800.0,38.86786651611328
2015-03-17,42.90999984741211,42.290000915527344,42.5099983215332,42.90999984741211,3256000.0,38.985984802246094
2015-03-18,43.22999954223633,42.119998931884766,42.689998626708984,42.54999923706055,5915100.0,38.658897399902344
2015-03-19,42.52000045776367,41.7400016784668,42.45000076293945,42.130001068115234,3494400.0,38.27731704711914
2015-03-20,42.75,42.20000076293945,42.38999938964844,42.65999984741211,3487400.0,38.75883865356445
2015-03-23,42.810001373291016,41.93000030517578,42.689998626708984,41.93000030517578,3857600.0,38.09560012817383
2015-03-24,42.06999969482422,41.540000915527344,41.93000030517578,41.54999923706055,3670500.0,37.7503547668457
2015-03-25,41.439998626708984,40.540000915527344,41.400001525878906,40.540000915527344,5807400.0,36.83271026611328
2015-03-26,40.95000076293945,40.20000076293945,40.5,40.70000076293945,3323300.0,36.978084564208984
2015-03-27,40.779998779296875,40.33000183105469,40.68000030517578,40.54999923706055,2113100.0,36.841800689697266
2015-03-30,41.33000183105469,40.77000045776367,40.790000915527344,41.130001068115234,2027000.0,37.368751525878906
2015-03-31,41.189998626708984,40.70000076293945,40.880001068115234,41.09000015258789,2660100.0,37.33241271972656
2015-04-01,40.97999954223633,40.439998626708984,40.5099983215332,40.84000015258789,2784600.0,37.105281829833984
2015-04-02,41.45000076293945,40.77000045776367,40.849998474121094,41.369998931884766,2887900.0,37.586814880371094
2015-04-06,41.38999938964844,40.630001068115234,40.9900016784668,41.08000183105469,3118100.0,37.323326110839844
2015-04-07,41.439998626708984,41.06999969482422,41.08000183105469,41.189998626708984,1879200.0,37.42327117919922
2015-04-08,41.54999923706055,41.09000015258789,41.36000061035156,41.369998931884766,2653700.0,37.586814880371094
2015-04-09,41.59000015258789,41.04999923706055,41.22999954223633,41.5099983215332,1779200.0,37.71400833129883
2015-04-10,41.59000015258789,41.31999969482422,41.47999954223633,41.5,1432300.0,37.704925537109375
2015-04-13,41.91999816894531,41.400001525878906,41.400001525878906,41.90999984741211,2736400.0,38.077423095703125
2015-04-14,41.88999938964844,41.45000076293945,41.810001373291016,41.650001525878906,3404400.0,37.84120178222656
2015-04-15,42.439998626708984,41.61000061035156,41.689998626708984,42.2599983215332,3031900.0,38.39542007446289
2015-04-16,42.29999923706055,41.689998626708984,42.15999984741211,42.130001068115234,2094100.0,38.27731704711914
2015-04-17,41.97999954223633,41.31999969482422,41.83000183105469,41.40999984741211,3227300.0,37.62316131591797
2015-04-20,42.060001373291016,41.52000045776367,41.90999984741211,41.77000045776367,4555100.0,37.950225830078125
2015-04-21,42.11000061035156,41.2400016784668,41.849998474121094,41.470001220703125,5439800.0,37.67766571044922
2015-04-22,41.63999938964844,41.02000045776367,41.5,41.41999816894531,4236100.0,37.632232666015625
2015-04-23,41.27000045776367,40.86000061035156,41.189998626708984,40.90999984741211,4628900.0,37.16887664794922
2015-04-24,40.83000183105469,40.400001525878906,40.7599983215332,40.470001220703125,3595600.0,36.76911163330078
2015-04-27,41.209999084472656,40.529998779296875,40.66999816894531,40.630001068115234,2779700.0,36.91448211669922
2015-04-28,41.16999816894531,40.459999084472656,40.68000030517578,41.150001525878906,2721300.0,37.38692855834961
2015-04-29,41.88999938964844,41.0099983215332,41.02000045776367,41.70000076293945,3342400.0,37.88663101196289
2015-04-30,41.810001373291016,41.2599983215332,41.61000061035156,41.5,3975800.0,37.704925537109375
2015-05-01,41.84000015258789,41.36000061035156,41.75,41.68000030517578,2722700.0,37.86846160888672
2015-05-04,42.45000076293945,41.650001525878906,41.72999954223633,42.45000076293945,3910800.0,38.568050384521484
2015-05-05,42.86000061035156,42.15999984741211,42.2599983215332,42.16999816894531,4905000.0,38.31365203857422
2015-05-06,42.47999954223633,41.540000915527344,42.31999969482422,41.869998931884766,2228400.0,38.04108810424805
2015-05-07,41.91999816894531,41.47999954223633,41.790000915527344,41.7400016784668,1895600.0,37.92298126220703
2015-05-08,42.380001068115234,41.70000076293945,42.0,42.36000061035156,1959300.0,38.48628234863281
2015-05-11,42.79999923706055,42.16999816894531,42.290000915527344,42.650001525878906,2217000.0,38.74976348876953
2015-05-12,42.779998779296875,42.08000183105469,42.4900016784668,42.65999984741211,2437600.0,38.75883865356445
2015-05-13,43.0,42.380001068115234,42.59000015258789,42.900001525878906,1732500.0,38.976898193359375
2015-05-14,43.150001525878906,42.65999984741211,43.040000915527344,42.779998779296875,2188200.0,38.86786651611328
2015-05-15,42.90999984741211,41.900001525878906,42.84000015258789,42.150001525878906,2083000.0,38.29548645019531
2015-05-18,42.86000061035156,42.150001525878906,42.20000076293945,42.779998779296875,1739100.0,38.86786651611328
2015-05-19,43.66999816894531,42.93000030517578,42.9900016784668,43.619998931884766,3018200.0,39.63105392456055
2015-05-20,43.369998931884766,42.689998626708984,43.16999816894531,42.970001220703125,3481800.0,39.040496826171875
2015-05-21,43.11000061035156,42.72999954223633,42.83000183105469,42.900001525878906,1808500.0,38.976898193359375
2015-05-22,43.15999984741211,42.810001373291016,42.880001068115234,42.900001525878906,1282200.0,38.976898193359375
2015-05-26,42.86000061035156,42.439998626708984,42.849998474121094,42.720001220703125,2655400.0,38.813350677490234
2015-05-27,43.09000015258789,42.439998626708984,42.63999938964844,42.9900016784668,2753100.0,39.279335021972656
2015-05-28,43.099998474121094,42.79999923706055,42.970001220703125,43.0099983215332,4520800.0,39.297607421875
2015-05-29,43.130001068115234,42.58000183105469,42.97999954223633,42.68000030517578,3456400.0,38.996097564697266
2015-06-01,42.91999816894531,41.95000076293945,42.849998474121094,41.97999954223633,3282800.0,38.35651779174805
2015-06-02,42.459999084472656,41.86000061035156,41.97999954223633,42.34000015258789,2992900.0,38.68544006347656
2015-06-03,43.099998474121094,42.470001220703125,42.470001220703125,42.95000076293945,3008500.0,39.24279022216797
2015-06-04,43.0,42.33000183105469,42.68000030517578,42.470001220703125,2019300.0,38.80421829223633
2015-06-05,43.4900016784668,42.81999969482422,43.0,43.02000045776367,2927000.0,39.30675506591797
2015-06-08,43.540000915527344,42.810001373291016,43.11000061035156,42.84000015258789,3200600.0,39.14228057861328
2015-06-09,43.529998779296875,42.790000915527344,42.93000030517578,43.40999984741211,2855600.0,39.663089752197266
2015-06-10,44.29999923706055,43.529998779296875,43.63999938964844,44.0099983215332,2985000.0,40.21129608154297
2015-06-11,44.150001525878906,43.7400016784668,44.04999923706055,43.869998931884766,2261800.0,40.08338165283203
2015-06-12,43.90999984741211,43.41999816894531,43.779998779296875,43.7400016784668,1982400.0,39.964599609375
2015-06-15,44.16999816894531,43.08000183105469,43.369998931884766,43.91999816894531,3333800.0,40.12905502319336
2015-06-16,44.439998626708984,43.709999084472656,43.790000915527344,44.29999923706055,2738400.0,40.476261138916016
2015-06-17,44.58000183105469,43.779998779296875,44.459999084472656,43.88999938964844,3399200.0,40.101654052734375
2015-06-18,44.15999984741211,43.41999816894531,43.900001525878906,43.869998931884766,4423500.0,40.08338165283203
2015-06-19,43.88999938964844,43.529998779296875,43.720001220703125,43.59000015258789,3200400.0,39.827552795410156
2015-06-22,44.20000076293945,43.880001068115234,44.04999923706055,44.15999984741211,2380800.0,40.34835433959961
2015-06-23,44.689998626708984,44.27000045776367,44.529998779296875,44.5,2899300.0,40.658992767333984
2015-06-24,44.59000015258789,44.04999923706055,44.369998931884766,44.130001068115234,3131600.0,40.32093811035156
2015-06-25,44.470001220703125,43.779998779296875,44.290000915527344,43.810001373291016,2611200.0,40.0285530090332
2015-06-26,44.2400016784668,43.790000915527344,44.0099983215332,43.869998931884766,2752500.0,40.08338165283203
2015-06-29,43.45000076293945,42.61000061035156,43.04999923706055,42.630001068115234,3605000.0,38.950408935546875
2015-06-30,43.65999984741211,42.75,43.220001220703125,43.02000045776367,3512800.0,39.30675506591797
2015-07-01,43.88999938964844,43.52000045776367,43.709999084472656,43.810001373291016,2669900.0,40.0285530090332
2015-07-02,43.83000183105469,43.2599983215332,43.439998626708984,43.540000915527344,3099500.0,39.78186798095703
2015-07-06,43.61000061035156,42.869998931884766,42.869998931884766,43.5,3935800.0,39.74531936645508
2015-07-07,43.529998779296875,42.31999969482422,43.45000076293945,43.060001373291016,4312700.0,39.343292236328125
2015-07-08,42.77000045776367,42.31999969482422,42.56999969482422,42.439998626708984,3234200.0,38.77680969238281
2015-07-09,43.43000030517578,42.9900016784668,43.060001373291016,43.209999084472656,3850400.0,39.4803466796875
2015-07-10,44.11000061035156,43.33000183105469,43.959999084472656,43.869998931884766,3608700.0,40.08338165283203
2015-07-13,44.5099983215332,44.0,44.33000183105469,44.33000183105469,3920900.0,40.50367736816406
2015-07-14,44.779998779296875,43.90999984741211,44.060001373291016,44.7599983215332,3972500.0,40.89656066894531
2015-07-15,45.5099983215332,44.66999816894531,44.93000030517578,45.2599983215332,4019400.0,41.353397369384766
2015-07-16,45.529998779296875,45.060001373291016,45.459999084472656,45.349998474121094,4454200.0,41.43563461303711
2015-07-17,45.84000015258789,44.29999923706055,45.779998779296875,44.75,3820000.0,40.887420654296875
2015-07-20,44.939998626708984,44.54999923706055,44.77000045776367,44.65999984741211,4193900.0,40.80519485473633
2015-07-21,45.31999969482422,44.63999938964844,44.75,44.779998779296875,3856900.0,40.91482925415039
2015-07-22,45.13999938964844,44.369998931884766,44.7400016784668,44.70000076293945,5172900.0,40.84173583984375
2015-07-23,45.040000915527344,44.08000183105469,44.63999938964844,44.34000015258789,3594800.0,40.51280975341797
2015-07-24,44.650001525878906,44.08000183105469,44.27000045776367,44.310001373291016,3390900.0,40.48540496826172
2015-07-27,44.20000076293945,43.75,43.97999954223633,43.91999816894531,3274700.0,40.12905502319336
2015-07-28,44.380001068115234,43.75,44.279998779296875,44.189998626708984,3143100.0,40.375755310058594
2015-07-29,44.54999923706055,44.06999969482422,44.279998779296875,44.47999954223633,2640900.0,40.640724182128906
2015-07-30,44.779998779296875,44.310001373291016,44.34000015258789,44.689998626708984,1897200.0,40.83259963989258
2015-07-31,44.720001220703125,44.279998779296875,44.63999938964844,44.34000015258789,2393000.0,40.51280975341797
2015-08-03,44.59000015258789,43.709999084472656,44.349998474121094,44.0099983215332,3661300.0,40.21129608154297
2015-08-04,44.66999816894531,44.09000015258789,44.220001220703125,44.150001525878906,3590300.0,40.339210510253906
2015-08-05,45.02000045776367,44.380001068115234,44.439998626708984,44.63999938964844,2270300.0,40.78691864013672
2015-08-06,44.900001525878906,44.2400016784668,44.720001220703125,44.41999816894531,2075700.0,40.58590316772461
2015-08-07,44.75,43.689998626708984,44.45000076293945,43.869998931884766,2656000.0,40.08338165283203
2015-08-10,44.70000076293945,44.119998931884766,44.15999984741211,44.689998626708984,2722100.0,40.83259963989258
2015-08-11,44.349998474121094,43.72999954223633,44.20000076293945,43.9900016784668,2196100.0,40.193031311035156
2015-08-12,43.66999816894531,42.31999969482422,43.599998474121094,42.95000076293945,4864800.0,39.24279022216797
2015-08-13,43.38999938964844,42.83000183105469,42.9900016784668,43.369998931884766,3240000.0,39.62653732299805
2015-08-14,44.18000030517578,43.279998779296875,43.369998931884766,44.13999938964844,3023700.0,40.330078125
2015-08-17,44.5099983215332,43.66999816894531,43.79999923706055,44.15999984741211,2981300.0,40.34835433959961
2015-08-18,44.4900016784668,44.040000915527344,44.25,44.2599983215332,2272600.0,40.43971633911133
2015-08-19,44.20000076293945,43.61000061035156,44.06999969482422,43.83000183105469,3993200.0,40.04682922363281
2015-08-20,43.4900016784668,42.380001068115234,43.27000045776367,42.380001068115234,3669200.0,38.721988677978516
2015-08-21,42.029998779296875,40.70000076293945,41.880001068115234,40.72999954223633,6065200.0,37.21440505981445
2015-08-24,39.709999084472656,37.470001220703125,37.95000076293945,38.310001373291016,8193400.0,35.00328826904297
2015-08-25,39.599998474121094,37.61000061035156,39.540000915527344,37.63999938964844,6532100.0,34.39112091064453
2015-08-26,39.08000183105469,37.79999923706055,38.70000076293945,39.029998779296875,4969700.0,35.66114044189453
2015-08-27,40.5,39.220001220703125,39.220001220703125,40.459999084472656,6257200.0,37.196434020996094
2015-08-28,40.630001068115234,40.09000015258789,40.15999984741211,40.5099983215332,4069300.0,37.242401123046875
2015-08-31,40.540000915527344,40.06999969482422,40.22999954223633,40.369998931884766,3235800.0,37.11369323730469
2015-09-01,39.5099983215332,38.189998626708984,39.310001373291016,38.470001220703125,4311000.0,35.36696243286133
2015-09-02,39.20000076293945,38.25,39.150001525878906,38.95000076293945,3932200.0,35.8082389831543
2015-09-03,39.77000045776367,38.95000076293945,39.13999938964844,39.33000183105469,4299600.0,36.1575813293457
2015-09-04,39.029998779296875,38.529998779296875,38.77000045776367,38.810001373291016,4439600.0,35.679527282714844
2015-09-08,39.939998626708984,39.369998931884766,39.65999984741211,39.91999816894531,3396200.0,36.69999694824219
2015-09-09,40.68000030517578,39.349998474121094,40.459999084472656,39.41999816894531,4254000.0,36.24031448364258
2015-09-10,39.900001525878906,39.11000061035156,39.22999954223633,39.650001525878906,3631100.0,36.45177459716797
2015-09-11,39.56999969482422,39.119998931884766,39.400001525878906,39.5099983215332,3307200.0,36.32307052612305
2015-09-14,39.84000015258789,39.220001220703125,39.45000076293945,39.599998474121094,3823000.0,36.40580749511719
2015-09-15,40.209999084472656,39.68000030517578,39.810001373291016,40.119998931884766,4204600.0,36.88386535644531
2015-09-16,40.5,39.4900016784668,40.18000030517578,40.060001373291016,3506400.0,36.82870101928711
2015-09-17,40.34000015258789,38.86000061035156,39.970001220703125,39.04999923706055,4967200.0,35.90016174316406
2015-09-18,38.58000183105469,37.70000076293945,38.41999816894531,37.790000915527344,5992100.0,34.7418098449707
2015-09-21,38.529998779296875,38.040000915527344,38.150001525878906,38.31999969482422,4731600.0,35.22904968261719
2015-09-22,37.9900016784668,37.529998779296875,37.689998626708984,37.880001068115234,4424900.0,34.82453918457031
2015-09-23,38.119998931884766,37.619998931884766,37.869998931884766,38.0,4103000.0,34.93486404418945
2015-09-24,37.779998779296875,37.349998474121094,37.5,37.720001220703125,7858900.0,34.67744827270508
2015-09-25,38.720001220703125,38.2400016784668,38.400001525878906,38.54999923706055,5922300.0,35.44050598144531
2015-09-28,38.43000030517578,37.209999084472656,38.310001373291016,37.27000045776367,5542800.0,34.26375198364258
2015-09-29,37.619998931884766,37.09000015258789,37.369998931884766,37.58000183105469,4323800.0,34.54875564575195
2015-09-30,38.27000045776367,37.619998931884766,38.11000061035156,38.2400016784668,4560800.0,35.1555061340332
2015-10-01,38.68000030517578,38.02000045776367,38.2599983215332,38.59000015258789,5346000.0,35.477272033691406
2015-10-02,38.290000915527344,36.790000915527344,37.34000015258789,38.290000915527344,5334800.0,35.20146942138672
2015-10-05,39.349998474121094,38.45000076293945,38.66999816894531,39.22999954223633,4939300.0,36.06564712524414
2015-10-06,39.560001373291016,38.9900016784668,39.11000061035156,39.20000076293945,4533800.0,36.03807067871094
2015-10-07,39.880001068115234,39.20000076293945,39.47999954223633,39.54999923706055,4260500.0,36.359840393066406
2015-10-08,39.95000076293945,39.22999954223633,39.290000915527344,39.849998474121094,4152300.0,36.635643005371094
2015-10-09,40.130001068115234,39.380001068115234,39.83000183105469,39.43000030517578,3486900.0,36.24951934814453
2015-10-12,39.65999984741211,39.189998626708984,39.33000183105469,39.560001373291016,2001600.0,36.36903762817383
2015-10-13,39.650001525878906,39.2400016784668,39.310001373291016,39.310001373291016,2491300.0,36.13919448852539
2015-10-14,39.33000183105469,38.34000015258789,39.220001220703125,38.5,3512000.0,35.39453887939453
2015-10-15,39.52000045776367,38.599998474121094,38.880001068115234,39.52000045776367,3493800.0,36.33226013183594
2015-10-16,42.0,39.400001525878906,42.0,40.0099983215332,8768500.0,36.782737731933594
2015-10-19,40.70000076293945,39.54999923706055,39.900001525878906,39.88999938964844,6618700.0,36.67241668701172
2015-10-20,40.83000183105469,39.84000015258789,40.18000030517578,40.4900016784668,4099600.0,37.22401809692383
2015-10-21,40.959999084472656,40.209999084472656,40.7599983215332,40.22999954223633,5181900.0,36.9849853515625
2015-10-22,41.439998626708984,40.33000183105469,40.459999084472656,40.790000915527344,4474300.0,37.499820709228516
2015-10-23,41.77000045776367,41.11000061035156,41.2599983215332,41.75,4600300.0,38.38238525390625
2015-10-26,41.779998779296875,41.189998626708984,41.61000061035156,41.369998931884766,2830000.0,38.03303146362305
2015-10-27,41.41999816894531,40.869998931884766,41.0099983215332,41.150001525878906,4356200.0,37.83078384399414
2015-10-28,42.880001068115234,41.029998779296875,41.150001525878906,42.52000045776367,6348200.0,39.09027862548828
2015-10-29,42.900001525878906,42.130001068115234,42.41999816894531,42.40999984741211,4456200.0,38.98915481567383
2015-10-30,42.43000030517578,41.22999954223633,42.34000015258789,41.52000045776367,9212700.0,38.17093276977539
2015-11-02,42.709999084472656,41.61000061035156,41.75,42.54999923706055,3834900.0,39.11784744262695
2015-11-03,42.72999954223633,42.09000015258789,42.279998779296875,42.59000015258789,4556700.0,39.15462875366211
2015-11-04,42.959999084472656,42.54999923706055,42.77000045776367,42.689998626708984,3101700.0,39.24656677246094
2015-11-05,43.68000030517578,42.58000183105469,42.58000183105469,43.38999938964844,4919000.0,39.890098571777344
2015-11-06,45.2400016784668,43.869998931884766,44.72999954223633,44.029998779296875,6275700.0,40.478477478027344
2015-11-09,44.29999923706055,43.0099983215332,44.27000045776367,43.22999954223633,5925800.0,39.74300003051758
2015-11-10,43.84000015258789,43.029998779296875,43.08000183105469,43.75,3676900.0,40.221065521240234
2015-11-11,44.119998931884766,43.349998474121094,44.11000061035156,43.45000076293945,2571900.0,39.94526290893555
2015-11-12,43.31999969482422,42.58000183105469,43.220001220703125,42.58000183105469,3650700.0,39.14543533325195
2015-11-13,42.72999954223633,41.84000015258789,42.529998779296875,41.970001220703125,4890100.0,38.584632873535156
2015-11-16,42.79999923706055,41.75,41.880001068115234,42.790000915527344,3137300.0,39.3385009765625
2015-11-17,43.4900016784668,42.61000061035156,43.0,42.95000076293945,3413900.0,39.4855842590332
2015-11-18,43.83000183105469,42.93000030517578,43.16999816894531,43.77000045776367,3334800.0,40.23945617675781
2015-11-19,43.849998474121094,43.13999938964844,43.7599983215332,43.599998474121094,3447000.0,40.083160400390625
2015-11-20,43.939998626708984,43.279998779296875,43.75,43.47999954223633,2193200.0,39.972835540771484
2015-11-23,43.90999984741211,43.400001525878906,43.5,43.43000030517578,2208800.0,39.92687225341797
2015-11-24,43.560001373291016,43.0,43.189998626708984,43.40999984741211,3251900.0,39.90848922729492
2015-11-25,43.540000915527344,43.02000045776367,43.349998474121094,43.310001373291016,1803900.0,40.03791046142578
2015-11-27,43.56999969482422,43.150001525878906,43.40999984741211,43.52000045776367,1012900.0,40.2320442199707
2015-11-30,43.869998931884766,43.36000061035156,43.52000045776367,43.41999816894531,2896600.0,40.13959503173828
2015-12-01,44.22999954223633,43.5099983215332,43.7400016784668,44.0,3237900.0,40.67578125
2015-12-02,44.20000076293945,43.310001373291016,44.11000061035156,43.36000061035156,3366300.0,40.08412551879883
2015-12-03,43.72999954223633,42.650001525878906,43.52000045776367,42.720001220703125,3378100.0,39.49247741699219
2015-12-04,44.470001220703125,42.630001068115234,42.93000030517578,44.34000015258789,5857200.0,40.99009323120117
2015-12-07,44.2599983215332,43.369998931884766,44.099998474121094,43.81999969482422,3887400.0,40.50938034057617
2015-12-08,43.619998931884766,42.869998931884766,43.34000015258789,43.13999938964844,3958800.0,39.8807487487793
2015-12-09,43.22999954223633,41.90999984741211,42.88999938964844,42.27000045776367,5590300.0,39.076480865478516
2015-12-10,43.31999969482422,42.060001373291016,42.22999954223633,42.84000015258789,3824700.0,39.60342025756836
2015-12-11,42.34000015258789,41.5,42.11000061035156,41.790000915527344,2929500.0,38.632747650146484
2015-12-14,42.41999816894531,41.31999969482422,41.95000076293945,41.9900016784668,4356200.0,38.81764221191406
2015-12-15,43.599998474121094,42.54999923706055,42.58000183105469,43.29999923706055,3864400.0,40.028663635253906
2015-12-16,44.220001220703125,42.939998626708984,43.619998931884766,44.06999969482422,4548900.0,40.74049377441406
2015-12-17,44.36000061035156,43.220001220703125,44.2400016784668,43.2400016784668,3309300.0,39.973201751708984
2015-12-18,43.08000183105469,42.11000061035156,42.9900016784668,42.189998626708984,10957500.0,39.00252914428711
2015-12-21,42.790000915527344,41.9900016784668,42.5099983215332,42.45000076293945,2392100.0,39.242881774902344
2015-12-22,42.880001068115234,42.130001068115234,42.790000915527344,42.79999923706055,2618000.0,39.566436767578125
2015-12-23,43.369998931884766,42.81999969482422,43.04999923706055,43.349998474121094,2642400.0,40.07488250732422
2015-12-24,43.619998931884766,43.150001525878906,43.33000183105469,43.36000061035156,974600.0,40.08412551879883
2015-12-28,43.20000076293945,42.54999923706055,43.119998931884766,43.16999816894531,2496300.0,39.90848922729492
2015-12-29,43.95000076293945,43.36000061035156,43.52000045776367,43.810001373291016,2581700.0,40.50013732910156
2015-12-30,43.75,43.29999923706055,43.7400016784668,43.310001373291016,2020400.0,40.03791046142578
2015-12-31,43.43000030517578,42.83000183105469,42.9900016784668,42.84000015258789,2288900.0,39.60342025756836
2016-01-04,42.040000915527344,41.119998931884766,41.86000061035156,41.58000183105469,4936500.0,38.43861389160156
2016-01-05,41.970001220703125,41.459999084472656,41.65999984741211,41.77000045776367,4372300.0,38.6142578125
2016-01-06,41.43000030517578,40.63999938964844,40.91999816894531,41.20000076293945,4812300.0,38.087318420410156
2016-01-07,40.709999084472656,39.43000030517578,40.2599983215332,39.47999954223633,6482500.0,36.49726486206055
2016-01-08,40.22999954223633,38.81999969482422,40.220001220703125,38.90999984741211,4535100.0,35.970333099365234
2016-01-11,39.45000076293945,38.36000061035156,39.29999923706055,38.709999084472656,5057500.0,35.785438537597656
2016-01-12,39.5099983215332,38.61000061035156,39.459999084472656,39.38999938964844,4401200.0,36.4140625
2016-01-13,39.75,37.97999954223633,39.689998626708984,38.099998474121094,6758500.0,35.221527099609375
2016-01-14,38.779998779296875,37.75,38.400001525878906,38.2599983215332,5855200.0,35.36943435668945
2016-01-15,37.58000183105469,36.63999938964844,37.13999938964844,37.439998626708984,5314000.0,34.611385345458984
2016-01-19,38.029998779296875,36.779998779296875,37.9900016784668,37.119998931884766,5104600.0,34.3155632019043
2016-01-20,37.0,35.279998779296875,36.06999969482422,36.54999923706055,6347700.0,33.788631439208984
2016-01-21,37.0,35.91999816894531,36.5,36.060001373291016,6400600.0,33.335655212402344
2016-01-22,36.7599983215332,35.11000061035156,36.63999938964844,35.27000045776367,9779600.0,32.60533905029297
2016-01-25,35.22999954223633,34.04999923706055,35.13999938964844,34.119998931884766,10558100.0,31.542217254638672
2016-01-26,35.060001373291016,34.20000076293945,34.310001373291016,35.02000045776367,5523500.0,32.37422180175781
2016-01-27,36.04999923706055,34.7400016784668,34.810001373291016,35.29999923706055,10959200.0,32.6330680847168
2016-01-28,36.56999969482422,35.349998474121094,35.459999084472656,36.31999969482422,7898000.0,33.57600402832031
2016-01-29,36.599998474121094,35.720001220703125,36.43000030517578,36.58000183105469,6991300.0,33.816368103027344
2016-02-01,36.4900016784668,35.88999938964844,36.290000915527344,36.11000061035156,5041900.0,33.38187026977539
2016-02-02,35.40999984741211,34.189998626708984,35.36000061035156,34.369998931884766,7322200.0,31.773326873779297
2016-02-03,34.779998779296875,33.22999954223633,34.7400016784668,34.459999084472656,6760300.0,31.85653305053711
2016-02-04,35.33000183105469,34.29999923706055,34.45000076293945,34.869998931884766,4355000.0,32.23556137084961
2016-02-05,35.36000061035156,34.16999816894531,34.95000076293945,34.31999969482422,4398300.0,31.727108001708984
2016-02-08,33.779998779296875,32.130001068115234,33.720001220703125,32.599998474121094,8374500.0,30.137052536010742
2016-02-09,33.439998626708984,31.81999969482422,31.899999618530273,33.15999984741211,6034300.0,30.654748916625977
2016-02-10,33.86000061035156,32.84000015258789,33.529998779296875,32.84000015258789,4996700.0,30.358922958374023
2016-02-11,32.31999969482422,31.06999969482422,31.760000228881836,31.360000610351562,6923700.0,28.99073600769043
2016-02-12,33.560001373291016,32.13999938964844,32.209999084472656,33.529998779296875,5503600.0,30.99679183959961
2016-02-16,34.810001373291016,33.65999984741211,34.15999984741211,34.290000915527344,4770900.0,31.699377059936523
2016-02-17,35.130001068115234,34.33000183105469,34.790000915527344,34.43000030517578,4002500.0,31.82879638671875
2016-02-18,34.79999923706055,33.61000061035156,34.59000015258789,33.88999938964844,5467800.0,31.329599380493164
2016-02-19,34.22999954223633,33.54999923706055,33.790000915527344,34.150001525878906,3696500.0,31.569957733154297
2016-02-22,34.93000030517578,34.47999954223633,34.529998779296875,34.849998474121094,3623800.0,32.217063903808594
2016-02-23,34.880001068115234,33.61000061035156,34.65999984741211,33.83000183105469,3718600.0,31.274127960205078
2016-02-24,33.47999954223633,32.45000076293945,33.060001373291016,33.41999816894531,4846500.0,31.115848541259766
2016-02-25,34.060001373291016,33.459999084472656,33.619998931884766,33.79999923706055,3908700.0,31.46964454650879
2016-02-26,35.0099983215332,33.97999954223633,34.18000030517578,34.540000915527344,3897100.0,32.158634185791016
2016-02-29,34.400001525878906,33.18000030517578,34.400001525878906,33.18000030517578,6878500.0,30.892396926879883
2016-03-01,35.0099983215332,33.45000076293945,33.540000915527344,35.0099983215332,5430800.0,32.596221923828125
2016-03-02,36.08000183105469,34.970001220703125,35.060001373291016,35.9900016784668,4839400.0,33.508663177490234
2016-03-03,36.560001373291016,35.869998931884766,35.880001068115234,36.54999923706055,3431400.0,34.03004837036133
2016-03-04,37.540000915527344,36.72999954223633,36.91999816894531,37.04999923706055,3833000.0,34.495574951171875
2016-03-07,36.90999984741211,36.43000030517578,36.77000045776367,36.7400016784668,2975100.0,34.20695877075195
2016-03-08,36.43000030517578,35.34000015258789,36.400001525878906,35.41999816894531,6687800.0,32.97795104980469
2016-03-09,35.849998474121094,34.790000915527344,35.790000915527344,35.04999923706055,5976400.0,32.63346862792969
2016-03-10,35.779998779296875,34.88999938964844,35.400001525878906,35.66999816894531,5811500.0,33.21072006225586
2016-03-11,37.029998779296875,35.9900016784668,36.06999969482422,36.9900016784668,3597200.0,34.439720153808594
2016-03-14,37.119998931884766,36.630001068115234,36.77000045776367,36.88999938964844,2598000.0,34.346614837646484
2016-03-15,36.88999938964844,36.310001373291016,36.38999938964844,36.84000015258789,2270300.0,34.300052642822266
2016-03-16,37.25,36.040000915527344,36.689998626708984,36.38999938964844,3483500.0,33.88108444213867
2016-03-17,36.790000915527344,35.75,36.25,36.630001068115234,3256800.0,34.10453414916992
2016-03-18,37.4900016784668,36.790000915527344,37.0,37.189998626708984,6853800.0,34.625919342041016
2016-03-21,37.560001373291016,36.79999923706055,37.0099983215332,37.11000061035156,2382300.0,34.55144500732422
2016-03-22,37.16999816894531,36.619998931884766,36.880001068115234,36.970001220703125,2585500.0,34.421085357666016
2016-03-23,37.060001373291016,36.599998474121094,36.95000076293945,36.630001068115234,2761200.0,34.10453414916992
2016-03-24,36.689998626708984,35.7599983215332,36.16999816894531,36.599998474121094,3311600.0,34.07660675048828
2016-03-28,37.02000045776367,36.41999816894531,36.63999938964844,36.779998779296875,2223900.0,34.244197845458984
2016-03-29,36.5,35.75,36.47999954223633,36.33000183105469,3124700.0,33.82522201538086
2016-03-30,36.959999084472656,36.220001220703125,36.52000045776367,36.4900016784668,2393300.0,33.97418975830078
2016-03-31,36.470001220703125,35.810001373291016,36.470001220703125,36.08000183105469,4406700.0,33.59245681762695
2016-04-01,36.709999084472656,35.41999816894531,35.97999954223633,36.619998931884766,3786300.0,34.09522247314453
2016-04-04,37.0099983215332,36.33000183105469,36.59000015258789,36.5,2864400.0,33.983497619628906
2016-04-05,36.2400016784668,35.709999084472656,36.040000915527344,35.75,3942200.0,33.28520584106445
2016-04-06,36.349998474121094,35.43000030517578,35.630001068115234,36.150001525878906,3617000.0,33.65762710571289
2016-04-07,35.939998626708984,35.099998474121094,35.63999938964844,35.349998474121094,4805000.0,32.912776947021484
2016-04-08,36.290000915527344,35.529998779296875,35.77000045776367,35.630001068115234,2636200.0,33.17347717285156
2016-04-11,36.5099983215332,35.790000915527344,35.81999969482422,36.029998779296875,3354700.0,33.545902252197266
2016-04-12,36.90999984741211,36.11000061035156,36.11000061035156,36.75,4804600.0,34.21625900268555
2016-04-13,38.59000015258789,37.20000076293945,37.25,38.45000076293945,7032300.0,35.79905700683594
2016-04-14,39.310001373291016,38.34000015258789,38.34000015258789,38.689998626708984,5046100.0,36.02250289916992
2016-04-15,38.84000015258789,38.279998779296875,38.77000045776367,38.470001220703125,3767400.0,35.81768035888672
2016-04-18,38.88999938964844,38.08000183105469,38.20000076293945,38.65999984741211,2684300.0,35.99457550048828
2016-04-19,39.25,38.689998626708984,38.779998779296875,39.2400016784668,2768300.0,36.53458786010742
2016-04-20,39.869998931884766,39.15999984741211,39.400001525878906,39.77000045776367,3356000.0,37.02804946899414
2016-04-21,40.209999084472656,39.709999084472656,39.869998931884766,39.869998931884766,3415700.0,37.12114334106445
2016-04-22,42.34000015258789,40.72999954223633,40.810001373291016,41.959999084472656,8225500.0,39.06705856323242
2016-04-25,42.0099983215332,41.220001220703125,41.95000076293945,41.9900016784668,4259800.0,39.09498977661133
2016-04-26,42.72999954223633,41.77000045776367,41.97999954223633,42.439998626708984,4830900.0,39.51395797729492
2016-04-27,43.029998779296875,42.06999969482422,42.599998474121094,42.56999969482422,4908500.0,39.63499450683594
2016-04-28,42.619998931884766,41.84000015258789,42.09000015258789,42.06999969482422,3501100.0,39.16947937011719
2016-04-29,42.0099983215332,41.459999084472656,41.7599983215332,41.7400016784668,5413100.0,38.862220764160156
2016-05-02,42.22999954223633,41.5,42.04999923706055,42.130001068115234,4709800.0,39.225337982177734
2016-05-03,41.630001068115234,41.09000015258789,41.43000030517578,41.43000030517578,4402100.0,38.5735969543457
2016-05-04,41.33000183105469,40.2400016784668,40.810001373291016,40.63999938964844,4572500.0,37.83806610107422
2016-05-05,40.88999938964844,40.150001525878906,40.5,40.36000061035156,4795900.0,37.577362060546875
2016-05-06,40.65999984741211,39.90999984741211,40.08000183105469,40.630001068115234,3038600.0,37.82875442504883
2016-05-09,40.880001068115234,40.060001373291016,40.459999084472656,40.36000061035156,3815900.0,37.577362060546875
2016-05-10,41.54999923706055,40.61000061035156,40.709999084472656,41.459999084472656,4813300.0,38.601531982421875
2016-05-11,41.91999816894531,40.810001373291016,41.209999084472656,41.400001525878906,4434400.0,38.54567337036133
2016-05-12,42.0099983215332,40.939998626708984,41.630001068115234,41.349998474121094,3830300.0,38.49911117553711
2016-05-13,41.79999923706055,40.38999938964844,41.2400016784668,40.560001373291016,3034500.0,37.763580322265625
2016-05-16,41.27000045776367,40.56999969482422,40.619998931884766,41.08000183105469,3332300.0,38.24772644042969
2016-05-17,41.56999969482422,40.59000015258789,40.91999816894531,41.099998474121094,4016500.0,38.266353607177734
2016-05-18,42.84000015258789,40.90999984741211,41.060001373291016,42.810001373291016,6091600.0,39.858455657958984
2016-05-19,43.18000030517578,42.099998474121094,42.47999954223633,42.619998931884766,4997300.0,39.681549072265625
2016-05-20,43.2599983215332,42.36000061035156,42.91999816894531,42.54999923706055,3909200.0,39.61637496948242
2016-05-23,42.810001373291016,41.970001220703125,42.54999923706055,42.4900016784668,3653700.0,39.560508728027344
2016-05-24,43.310001373291016,42.650001525878906,42.84000015258789,43.11000061035156,3399100.0,40.13777542114258
2016-05-25,44.31999969482422,43.470001220703125,43.470001220703125,43.97999954223633,3901100.0,40.947792053222656
2016-05-26,43.84000015258789,43.11000061035156,43.709999084472656,43.34000015258789,2695400.0,40.57331848144531
2016-05-27,43.939998626708984,43.209999084472656,43.34000015258789,43.81999969482422,2572300.0,41.25111770629883
2016-05-31,44.16999816894531,43.369998931884766,44.060001373291016,43.81999969482422,4327200.0,41.25111770629883
2016-06-01,43.95000076293945,42.849998474121094,43.22999954223633,43.83000183105469,3248000.0,41.26053237915039
2016-06-02,44.09000015258789,43.380001068115234,43.709999084472656,44.040000915527344,2133100.0,41.458213806152344
2016-06-03,43.439998626708984,42.220001220703125,43.16999816894531,43.33000183105469,4249400.0,40.78984069824219
2016-06-06,44.2599983215332,43.40999984741211,43.5,43.970001220703125,3303400.0,41.39231872558594
2016-06-07,43.939998626708984,43.349998474121094,43.58000183105469,43.400001525878906,2945400.0,40.85573196411133
2016-06-08,43.70000076293945,43.33000183105469,43.33000183105469,43.4900016784668,1952800.0,40.94045639038086
2016-06-09,43.15999984741211,42.439998626708984,43.15999984741211,42.970001220703125,3329300.0,40.45094299316406
2016-06-10,42.58000183105469,42.06999969482422,42.31999969482422,42.47999954223633,2964000.0,39.98966979980469
2016-06-13,42.68000030517578,41.849998474121094,42.13999938964844,41.88999938964844,3502300.0,39.43425750732422
2016-06-14,42.130001068115234,40.54999923706055,41.79999923706055,40.75,4118800.0,38.361083984375
2016-06-15,41.79999923706055,40.810001373291016,41.040000915527344,41.0099983215332,2983900.0,38.6058464050293
2016-06-16,40.880001068115234,40.13999938964844,40.630001068115234,40.75,3847200.0,38.361083984375
2016-06-17,41.380001068115234,40.689998626708984,40.79999923706055,41.2599983215332,4342600.0,38.841182708740234
2016-06-20,42.5099983215332,41.560001373291016,42.04999923706055,41.63999938964844,4138400.0,39.19891357421875
2016-06-21,41.849998474121094,41.22999954223633,41.790000915527344,41.66999816894531,2760700.0,39.22715377807617
2016-06-22,42.349998474121094,41.630001068115234,41.7400016784668,41.689998626708984,1989800.0,39.24598693847656
2016-06-23,43.220001220703125,42.290000915527344,42.290000915527344,43.209999084472656,2960100.0,40.67687225341797
2016-06-24,41.650001525878906,39.9900016784668,40.380001068115234,40.540000915527344,8642600.0,38.16339874267578
2016-06-27,39.880001068115234,37.709999084472656,39.86000061035156,37.84000015258789,7601400.0,35.621681213378906
2016-06-28,39.22999954223633,38.29999923706055,38.63999938964844,39.20000076293945,4385900.0,36.90195083618164
2016-06-29,40.119998931884766,39.2599983215332,39.66999816894531,40.040000915527344,3831900.0,37.692718505859375
2016-06-30,41.099998474121094,39.9900016784668,40.40999984741211,41.08000183105469,4592600.0,38.671749114990234
2016-07-01,41.15999984741211,40.52000045776367,40.72999954223633,40.709999084472656,3266900.0,38.32343292236328
2016-07-05,40.310001373291016,39.22999954223633,40.150001525878906,39.5,4210200.0,37.18437194824219
2016-07-06,40.33000183105469,38.75,39.06999969482422,40.18000030517578,5226800.0,37.82450485229492
2016-07-07,41.04999923706055,40.13999938964844,40.189998626708984,40.70000076293945,3485200.0,38.31401824951172
2016-07-08,41.880001068115234,41.220001220703125,41.4900016784668,41.439998626708984,4554300.0,39.0106315612793
2016-07-11,42.20000076293945,41.779998779296875,41.79999923706055,41.869998931884766,4486800.0,39.415428161621094
2016-07-12,43.060001373291016,42.400001525878906,42.400001525878906,42.66999816894531,6395400.0,40.16853332519531
2016-07-13,42.810001373291016,42.2599983215332,42.58000183105469,42.7400016784668,5120300.0,40.234432220458984
2016-07-14,44.08000183105469,43.45000076293945,43.88999938964844,43.86000061035156,4680100.0,41.28877639770508
2016-07-15,44.189998626708984,43.349998474121094,43.9900016784668,43.5,5892400.0,40.94987106323242
2016-07-18,43.65999984741211,43.290000915527344,43.369998931884766,43.38999938964844,2706600.0,40.84632110595703
2016-07-19,43.529998779296875,42.939998626708984,43.029998779296875,43.27000045776367,2080200.0,40.733360290527344
2016-07-20,43.5,42.95000076293945,43.45000076293945,43.27000045776367,2252600.0,40.733360290527344
2016-07-21,43.65999984741211,43.13999938964844,43.150001525878906,43.16999816894531,2955300.0,40.639217376708984
2016-07-22,42.689998626708984,41.790000915527344,42.25,42.400001525878906,5897100.0,39.914363861083984
2016-07-25,42.43000030517578,42.02000045776367,42.220001220703125,42.29999923706055,3530800.0,39.820228576660156
2016-07-26,42.59000015258789,42.18000030517578,42.29999923706055,42.560001373291016,3400400.0,40.06498336791992
2016-07-27,42.810001373291016,42.20000076293945,42.61000061035156,42.349998474121094,3237400.0,39.86729049682617
2016-07-28,42.59000015258789,41.97999954223633,42.220001220703125,42.459999084472656,2739100.0,39.97084045410156
2016-07-29,42.7599983215332,42.11000061035156,42.369998931884766,42.290000915527344,3110900.0,39.810813903808594
2016-08-01,42.59000015258789,41.810001373291016,42.41999816894531,41.880001068115234,2344200.0,39.424835205078125
2016-08-02,41.900001525878906,41.06999969482422,41.81999969482422,41.369998931884766,3709400.0,38.94474411010742
2016-08-03,42.099998474121094,41.5,41.52000045776367,42.04999923706055,2370800.0,39.58487319946289
2016-08-04,42.279998779296875,41.810001373291016,42.029998779296875,41.95000076293945,2303600.0,39.49074172973633
2016-08-05,43.130001068115234,42.380001068115234,42.45000076293945,42.900001525878906,4873300.0,40.385047912597656
2016-08-08,43.279998779296875,42.5,43.0,42.63999938964844,3156400.0,40.140289306640625
2016-08-09,42.779998779296875,42.439998626708984,42.70000076293945,42.58000183105469,2383600.0,40.08380889892578
2016-08-10,42.65999984741211,41.849998474121094,42.5,41.90999984741211,1673600.0,39.45308303833008
2016-08-11,42.33000183105469,41.79999923706055,42.119998931884766,42.040000915527344,2249800.0,39.57546615600586
2016-08-12,41.86000061035156,41.459999084472656,41.68000030517578,41.84000015258789,2058800.0,39.38718795776367
2016-08-15,42.220001220703125,41.95000076293945,42.029998779296875,42.099998474121094,3561300.0,39.63194274902344
2016-08-16,42.220001220703125,41.7599983215332,41.83000183105469,42.11000061035156,3281600.0,39.641361236572266
2016-08-17,42.540000915527344,42.0,42.060001373291016,42.4900016784668,4174000.0,39.999088287353516
2016-08-18,42.95000076293945,42.43000030517578,42.540000915527344,42.849998474121094,3390800.0,40.33797836303711
2016-08-19,42.900001525878906,42.52000045776367,42.7599983215332,42.86000061035156,2534000.0,40.347381591796875
2016-08-22,42.970001220703125,42.59000015258789,42.720001220703125,42.880001068115234,2031700.0,40.3662223815918
2016-08-23,43.119998931884766,42.689998626708984,42.93000030517578,42.689998626708984,2068300.0,40.18735885620117
2016-08-24,43.02000045776367,42.560001373291016,42.81999969482422,42.70000076293945,1975500.0,40.19677734375
2016-08-25,42.869998931884766,42.61000061035156,42.709999084472656,42.72999954223633,2495700.0,40.22501754760742
2016-08-26,43.29999923706055,42.630001068115234,42.970001220703125,43.15999984741211,3662900.0,40.62980651855469
2016-08-29,43.720001220703125,42.9900016784668,43.150001525878906,43.58000183105469,2850500.0,41.27381896972656
2016-08-30,44.0,43.540000915527344,43.58000183105469,44.0,2513600.0,41.671592712402344
2016-08-31,44.209999084472656,43.52000045776367,44.040000915527344,44.06999969482422,3063300.0,41.73789978027344
2016-09-01,44.2400016784668,43.400001525878906,44.189998626708984,43.790000915527344,2983700.0,41.47270584106445
2016-09-02,44.150001525878906,43.63999938964844,43.939998626708984,43.970001220703125,2312100.0,41.643184661865234
2016-09-06,43.970001220703125,43.11000061035156,43.93000030517578,43.38999938964844,2196100.0,41.09387969970703
2016-09-07,43.61000061035156,42.95000076293945,43.20000076293945,43.560001373291016,2831900.0,41.2548828125
2016-09-08,43.9900016784668,43.47999954223633,43.59000015258789,43.880001068115234,2794700.0,41.557945251464844
2016-09-09,44.06999969482422,43.380001068115234,43.810001373291016,43.38999938964844,3200300.0,41.09387969970703
2016-09-12,44.209999084472656,42.83000183105469,43.150001525878906,44.130001068115234,4002000.0,41.79471969604492
2016-09-13,43.95000076293945,43.0099983215332,43.5099983215332,43.790000915527344,4760000.0,41.47270584106445
2016-09-14,44.150001525878906,43.349998474121094,43.66999816894531,43.40999984741211,4491400.0,41.112823486328125
2016-09-15,44.15999984741211,42.86000061035156,42.86000061035156,44.11000061035156,3277800.0,41.775779724121094
2016-09-16,43.880001068115234,43.459999084472656,43.810001373291016,43.709999084472656,4120000.0,41.396942138671875
2016-09-19,44.31999969482422,43.650001525878906,43.95000076293945,43.86000061035156,2429400.0,41.539005279541016
2016-09-20,44.34000015258789,43.7400016784668,44.150001525878906,43.779998779296875,2073300.0,41.463233947753906
2016-09-21,44.61000061035156,43.81999969482422,44.029998779296875,44.290000915527344,3958400.0,41.94624710083008
2016-09-22,44.54999923706055,44.099998474121094,44.439998626708984,44.150001525878906,3201800.0,41.81365966796875
2016-09-23,44.54999923706055,43.900001525878906,44.0,44.18000030517578,3346600.0,41.842071533203125
2016-09-26,43.869998931884766,42.70000076293945,43.79999923706055,42.720001220703125,3765500.0,40.45933151245117
2016-09-27,43.34000015258789,42.36000061035156,42.56999969482422,43.33000183105469,2895300.0,41.037052154541016
2016-09-28,43.630001068115234,42.9900016784668,43.599998474121094,43.59000015258789,2495700.0,41.283294677734375
2016-09-29,44.09000015258789,42.869998931884766,43.52000045776367,43.150001525878906,2477300.0,40.866580963134766
2016-09-30,44.09000015258789,43.130001068115234,43.40999984741211,43.79999923706055,3614500.0,41.482177734375
2016-10-03,44.16999816894531,43.40999984741211,43.40999984741211,43.77000045776367,3526600.0,41.453765869140625
2016-10-04,45.0,43.869998931884766,43.970001220703125,44.72999954223633,4735300.0,42.36296844482422
2016-10-05,46.08000183105469,44.86000061035156,44.90999984741211,45.72999954223633,4896800.0,43.31004333496094
2016-10-06,46.209999084472656,45.27000045776367,45.900001525878906,45.790000915527344,3875100.0,43.36687469482422
2016-10-07,46.0099983215332,45.18000030517578,45.790000915527344,45.689998626708984,2819400.0,43.27216339111328
2016-10-10,46.470001220703125,46.04999923706055,46.15999984741211,46.15999984741211,2712000.0,43.717288970947266
2016-10-11,46.25,45.349998474121094,46.09000015258789,45.630001068115234,3032200.0,43.21534729003906
2016-10-12,46.029998779296875,45.52000045776367,45.58000183105469,45.70000076293945,2480900.0,43.28163146972656
2016-10-13,45.189998626708984,44.25,45.189998626708984,44.7599983215332,4218400.0,42.39137268066406
2016-10-14,45.630001068115234,44.90999984741211,45.22999954223633,45.029998779296875,4041000.0,42.647090911865234
2016-10-17,45.2400016784668,44.45000076293945,45.09000015258789,44.709999084472656,2936900.0,42.344024658203125
2016-10-18,45.40999984741211,44.779998779296875,45.18000030517578,45.36000061035156,3836500.0,42.95962905883789
2016-10-19,46.52000045776367,45.47999954223633,45.58000183105469,46.209999084472656,4008200.0,43.7646484375
2016-10-20,46.880001068115234,46.09000015258789,46.18000030517578,46.43000030517578,5872700.0,43.97300338745117
2016-10-21,46.11000061035156,44.630001068115234,45.52000045776367,45.65999984741211,5676300.0,43.24375534057617
2016-10-24,46.22999954223633,45.439998626708984,45.900001525878906,45.45000076293945,3868000.0,43.04486083984375
2016-10-25,45.79999923706055,45.15999984741211,45.33000183105469,45.16999816894531,3991600.0,42.77967834472656
2016-10-26,45.63999938964844,44.880001068115234,45.04999923706055,45.54999923706055,2646300.0,43.13957977294922
2016-10-27,46.119998931884766,45.41999816894531,45.88999938964844,45.65999984741211,4222000.0,43.24375534057617
2016-10-28,45.81999969482422,44.93000030517578,45.79999923706055,45.220001220703125,2613500.0,42.82703399658203
2016-10-31,45.56999969482422,45.189998626708984,45.43000030517578,45.22999954223633,2624200.0,42.83650588989258
2016-11-01,45.88999938964844,44.779998779296875,45.5,45.310001373291016,3312600.0,42.91227722167969
2016-11-02,45.130001068115234,44.45000076293945,45.08000183105469,44.7400016784668,3512700.0,42.372440338134766
2016-11-03,45.33000183105469,44.72999954223633,44.959999084472656,44.90999984741211,2304000.0,42.53343963623047
2016-11-04,45.45000076293945,44.4900016784668,44.959999084472656,44.869998931884766,2519400.0,42.49555206298828
2016-11-07,46.34000015258789,45.7400016784668,45.75,46.18000030517578,3626100.0,43.73624038696289
2016-11-08,46.09000015258789,45.4900016784668,45.97999954223633,45.599998474121094,5573100.0,43.186927795410156
2016-11-09,48.5099983215332,46.470001220703125,47.650001525878906,48.13999938964844,6362000.0,45.59251403808594
2016-11-10,50.13999938964844,48.560001373291016,48.689998626708984,49.880001068115234,7885900.0,47.24043273925781
2016-11-11,50.68000030517578,49.16999816894531,49.650001525878906,50.58000183105469,4668500.0,47.90339279174805
2016-11-14,52.650001525878906,50.959999084472656,50.970001220703125,52.220001220703125,7208000.0,49.45661163330078
2016-11-15,52.459999084472656,50.9900016784668,51.619998931884766,52.380001068115234,6567400.0,49.60813903808594
2016-11-16,52.0099983215332,50.7400016784668,51.959999084472656,50.790000915527344,6509200.0,48.10227966308594
2016-11-17,51.65999984741211,50.65999984741211,50.939998626708984,51.400001525878906,5796000.0,48.68000030517578
2016-11-18,51.93000030517578,51.060001373291016,51.29999923706055,51.779998779296875,5794100.0,49.03989028930664
2016-11-21,52.119998931884766,51.400001525878906,52.0,51.720001220703125,2944800.0,48.98306655883789
2016-11-22,52.290000915527344,51.66999816894531,51.97999954223633,52.08000183105469,5154300.0,49.32402038574219
2016-11-23,52.43000030517578,51.720001220703125,52.279998779296875,52.36000061035156,3971200.0,49.58919906616211
2016-11-25,52.4900016784668,52.029998779296875,52.31999969482422,52.459999084472656,1428100.0,49.68390655517578
2016-11-28,52.09000015258789,51.34000015258789,51.56999969482422,51.560001373291016,5407400.0,49.07476043701172
2016-11-29,51.75,51.130001068115234,51.72999954223633,51.13999938964844,5059700.0,48.67500305175781
2016-11-30,52.31999969482422,51.849998474121094,51.97999954223633,51.95000076293945,4102700.0,49.44595718383789
2016-12-01,53.040000915527344,52.0099983215332,52.439998626708984,52.709999084472656,3998100.0,50.16933059692383
2016-12-02,52.56999969482422,51.810001373291016,52.54999923706055,52.040000915527344,3788800.0,49.5316162109375
2016-12-05,53.209999084472656,52.34000015258789,52.75,52.540000915527344,4323200.0,50.00752258300781
2016-12-06,53.869998931884766,52.619998931884766,52.619998931884766,53.790000915527344,6024800.0,51.1972770690918
2016-12-07,54.52000045776367,53.209999084472656,53.70000076293945,54.459999084472656,5171800.0,51.8349723815918
2016-12-08,55.38999938964844,54.459999084472656,54.66999816894531,54.790000915527344,4461800.0,52.149070739746094
2016-12-09,54.9900016784668,54.20000076293945,54.779998779296875,54.84000015258789,4207300.0,52.196659088134766
2016-12-12,55.2400016784668,54.0099983215332,54.470001220703125,54.099998474121094,4524900.0,51.49232864379883
2016-12-13,54.619998931884766,53.779998779296875,54.33000183105469,54.45000076293945,2774600.0,51.82545852661133
2016-12-14,55.779998779296875,53.5099983215332,53.72999954223633,55.130001068115234,8469300.0,52.472686767578125
2016-12-15,55.91999816894531,54.939998626708984,55.459999084472656,55.79999923706055,6040000.0,53.11038589477539
2016-12-16,56.099998474121094,55.150001525878906,55.970001220703125,55.27000045776367,6475300.0,52.60593032836914
2016-12-19,55.400001525878906,54.65999984741211,55.060001373291016,55.31999969482422,3084500.0,52.65351867675781
2016-12-20,56.18000030517578,55.619998931884766,55.79999923706055,56.16999816894531,2190900.0,53.46255111694336
2016-12-21,56.22999954223633,55.650001525878906,56.20000076293945,56.02000045776367,1891400.0,53.319786071777344
2016-12-22,56.29999923706055,55.72999954223633,56.029998779296875,56.150001525878906,2900600.0,53.44351577758789
2016-12-23,56.279998779296875,55.939998626708984,56.119998931884766,56.16999816894531,1460000.0,53.46255111694336
2016-12-27,56.47999954223633,56.060001373291016,56.31999969482422,56.38999938964844,1321100.0,53.67194366455078
2016-12-28,56.470001220703125,55.40999984741211,56.38999938964844,55.47999954223633,1946100.0,52.80581283569336
2016-12-29,55.689998626708984,54.400001525878906,55.619998931884766,54.689998626708984,3088600.0,52.05388641357422
2016-12-30,55.0,54.47999954223633,54.88999938964844,54.849998474121094,2394700.0,52.206180572509766
2017-01-03,56.16999816894531,54.75,55.560001373291016,55.4900016784668,4487700.0,52.815330505371094
2017-01-04,56.47999954223633,55.619998931884766,55.630001068115234,56.13999938964844,4005300.0,53.43400192260742
2017-01-05,56.099998474121094,54.58000183105469,55.959999084472656,54.900001525878906,3525200.0,52.25376892089844
2017-01-06,55.70000076293945,54.900001525878906,55.15999984741211,55.529998779296875,2977100.0,52.853397369384766
2017-01-09,55.70000076293945,54.7599983215332,55.189998626708984,55.2400016784668,2591900.0,52.5773811340332
2017-01-10,55.9900016784668,55.15999984741211,55.279998779296875,55.70000076293945,3133100.0,53.01520919799805
2017-01-11,56.029998779296875,55.209999084472656,55.63999938964844,56.029998779296875,2671500.0,53.32930374145508
2017-01-12,55.959999084472656,54.7599983215332,55.79999923706055,55.4900016784668,3136000.0,52.815330505371094
2017-01-13,56.970001220703125,55.720001220703125,55.93000030517578,55.970001220703125,2981200.0,53.2722053527832
2017-01-17,55.459999084472656,53.81999969482422,55.18000030517578,53.880001068115234,3411600.0,51.282936096191406
2017-01-18,54.400001525878906,53.560001373291016,54.04999923706055,54.36000061035156,3280100.0,51.73979568481445
2017-01-19,54.65999984741211,53.58000183105469,54.4900016784668,53.84000015258789,3232100.0,51.2448616027832
2017-01-20,55.279998779296875,53.86000061035156,54.13999938964844,54.84000015258789,6037600.0,52.196659088134766
2017-01-23,55.459999084472656,54.70000076293945,54.90999984741211,55.13999938964844,3712100.0,52.482200622558594
2017-01-24,56.689998626708984,54.900001525878906,55.31999969482422,56.47999954223633,4188900.0,53.757606506347656
2017-01-25,58.310001373291016,57.040000915527344,57.060001373291016,58.16999816894531,6020100.0,55.36614990234375
2017-01-26,58.720001220703125,57.810001373291016,58.08000183105469,58.2599983215332,3242600.0,55.451812744140625
2017-01-27,58.29999923706055,57.65999984741211,58.13999938964844,57.75,2426500.0,54.966400146484375
2017-01-30,57.459999084472656,56.56999969482422,57.45000076293945,57.27000045776367,2324700.0,54.5095329284668
2017-01-31,57.529998779296875,56.470001220703125,57.02000045776367,56.81999969482422,3300500.0,54.08121871948242
2017-02-01,57.900001525878906,56.91999816894531,57.45000076293945,57.13999938964844,3713600.0,54.38579177856445
2017-02-02,56.90999984741211,56.27000045776367,56.72999954223633,56.83000183105469,3386700.0,54.09074401855469
2017-02-03,58.09000015258789,57.279998779296875,57.7400016784668,57.970001220703125,3045700.0,55.1757926940918
2017-02-06,58.27000045776367,57.400001525878906,57.41999816894531,57.720001220703125,2289700.0,54.937843322753906
2017-02-07,58.040000915527344,57.279998779296875,57.93000030517578,57.400001525878906,2262600.0,54.633262634277344
2017-02-08,57.06999969482422,56.349998474121094,56.91999816894531,56.93000030517578,2630600.0,54.185916900634766
2017-02-09,58.130001068115234,56.939998626708984,57.25,57.72999954223633,3342800.0,54.947357177734375
2017-02-10,58.220001220703125,57.58000183105469,58.04999923706055,57.7599983215332,2639600.0,54.975914001464844
2017-02-13,58.72999954223633,57.88999938964844,58.0,58.13999938964844,3592000.0,55.33759307861328
2017-02-14,59.65999984741211,57.97999954223633,58.189998626708984,59.59000015258789,3748700.0,56.71770477294922
2017-02-15,60.310001373291016,59.470001220703125,59.83000183105469,60.040000915527344,3211200.0,57.14601516723633
2017-02-16,60.099998474121094,59.34000015258789,59.880001068115234,59.849998474121094,3243000.0,56.96517562866211
2017-02-17,59.61000061035156,59.08000183105469,59.20000076293945,59.59000015258789,2328400.0,56.71770477294922
2017-02-21,60.27000045776367,59.36000061035156,59.790000915527344,59.790000915527344,3227400.0,56.90806198120117
2017-02-22,60.279998779296875,59.36000061035156,59.40999984741211,59.779998779296875,3145600.0,56.89854431152344
2017-02-23,60.040000915527344,59.16999816894531,59.900001525878906,59.79999923706055,2447800.0,56.91758346557617
2017-02-24,59.45000076293945,58.86000061035156,59.09000015258789,59.290000915527344,3522300.0,56.678592681884766
2017-02-27,59.77000045776367,59.20000076293945,59.27000045776367,59.66999816894531,3268300.0,57.04185485839844
2017-02-28,59.619998931884766,58.9900016784668,59.25,59.4900016784668,3361300.0,56.86978530883789
2017-03-01,61.689998626708984,60.810001373291016,60.81999969482422,61.38999938964844,4605800.0,58.686092376708984
2017-03-02,61.630001068115234,59.689998626708984,61.540000915527344,59.72999954223633,3784400.0,57.09920883178711
2017-03-03,60.279998779296875,59.5099983215332,59.70000076293945,60.04999923706055,3215400.0,57.40511703491211
2017-03-06,59.90999984741211,58.959999084472656,59.4900016784668,59.66999816894531,3366000.0,57.04185485839844
2017-03-07,59.91999816894531,59.25,59.709999084472656,59.720001220703125,2942400.0,57.08965301513672
2017-03-08,60.63999938964844,59.29999923706055,60.349998474121094,59.38999938964844,3237500.0,56.77418899536133
2017-03-09,59.959999084472656,59.119998931884766,59.58000183105469,59.31999969482422,2248500.0,56.70726776123047
2017-03-10,59.70000076293945,58.470001220703125,59.56999969482422,58.939998626708984,3171900.0,56.3440055847168
2017-03-13,59.29999923706055,58.630001068115234,59.0,58.7599983215332,2726200.0,56.171932220458984
2017-03-14,58.66999816894531,58.02000045776367,58.5099983215332,58.63999938964844,3117700.0,56.05722427368164
2017-03-15,59.13999938964844,57.52000045776367,58.86000061035156,57.90999984741211,5631000.0,55.359375
2017-03-16,58.68000030517578,57.939998626708984,58.130001068115234,58.36000061035156,3850700.0,55.78955078125
2017-03-17,58.56999969482422,57.619998931884766,58.40999984741211,57.709999084472656,8368100.0,55.168182373046875
2017-03-20,58.06999969482422,57.2400016784668,57.599998474121094,57.27000045776367,3998700.0,54.747562408447266
2017-03-21,57.7599983215332,54.220001220703125,57.75,54.400001525878906,7813100.0,52.00396728515625
2017-03-22,54.79999923706055,53.33000183105469,54.0,54.18000030517578,6536300.0,51.793663024902344
2017-03-23,55.54999923706055,54.0,54.15999984741211,54.849998474121094,4844300.0,52.43415451049805
2017-03-24,55.2599983215332,54.2400016784668,55.130001068115234,54.810001373291016,3915200.0,52.395912170410156
2017-03-27,54.43000030517578,52.709999084472656,53.52000045776367,54.34000015258789,3519300.0,51.94661331176758
2017-03-28,55.459999084472656,54.189998626708984,54.220001220703125,55.099998474121094,3094300.0,52.67314147949219
2017-03-29,55.369998931884766,54.650001525878906,55.08000183105469,55.029998779296875,3045500.0,52.606224060058594
2017-03-30,56.34000015258789,54.9900016784668,55.13999938964844,56.08000183105469,3261200.0,53.609981536865234
2017-03-31,56.029998779296875,55.29999923706055,55.790000915527344,55.29999923706055,3273500.0,52.86433410644531
2017-04-03,55.63999938964844,54.560001373291016,55.599998474121094,55.459999084472656,3347300.0,53.01728057861328
2017-04-04,55.599998474121094,55.0099983215332,55.119998931884766,55.25,2316600.0,52.816532135009766
2017-04-05,56.31999969482422,54.7400016784668,55.77000045776367,54.79999923706055,3560900.0,52.3863525390625
2017-04-06,55.75,54.41999816894531,54.68000030517578,55.560001373291016,2858200.0,53.112876892089844
2017-04-07,55.70000076293945,54.91999816894531,55.04999923706055,55.349998474121094,2495200.0,52.91212844848633
2017-04-10,55.650001525878906,54.619998931884766,55.31999969482422,54.86000061035156,2606400.0,52.44371032714844
2017-04-11,54.970001220703125,54.13999938964844,54.400001525878906,54.970001220703125,3468200.0,52.548866271972656
2017-04-12,54.9900016784668,53.88999938964844,54.77000045776367,53.9900016784668,3216400.0,51.612030029296875
2017-04-13,54.689998626708984,53.20000076293945,53.779998779296875,53.45000076293945,5002200.0,51.09580993652344
2017-04-17,54.56999969482422,53.38999938964844,53.619998931884766,54.5099983215332,2933100.0,52.109127044677734
2017-04-18,54.459999084472656,53.29999923706055,54.0,53.79999923706055,3065000.0,51.43039321899414
2017-04-19,54.849998474121094,53.86000061035156,54.2599983215332,54.150001525878906,3399600.0,51.764984130859375
2017-04-20,55.72999954223633,54.5099983215332,54.66999816894531,55.4900016784668,5591900.0,53.045963287353516
2017-04-21,56.20000076293945,54.54999923706055,55.45000076293945,54.849998474121094,5868600.0,52.43415451049805
2017-04-24,57.130001068115234,56.279998779296875,56.41999816894531,56.79999923706055,5770800.0,54.29826354980469
2017-04-25,57.63999938964844,56.95000076293945,57.310001373291016,57.189998626708984,6553100.0,54.671085357666016
2017-04-26,58.20000076293945,56.970001220703125,57.06999969482422,57.68000030517578,5421500.0,55.139503479003906
2017-04-27,57.91999816894531,56.720001220703125,57.68000030517578,57.16999816894531,5666900.0,54.65196228027344
2017-04-28,57.47999954223633,56.779998779296875,57.119998931884766,56.810001373291016,4381600.0,54.30782699584961
2017-05-01,58.029998779296875,56.900001525878906,57.29999923706055,57.75,5212200.0,55.2064208984375
2017-05-02,57.81999969482422,56.93000030517578,57.75,57.150001525878906,3062900.0,54.632850646972656
2017-05-03,58.0,56.75,56.790000915527344,57.970001220703125,3096700.0,55.4167366027832
2017-05-04,58.75,57.68000030517578,58.540000915527344,57.93000030517578,3656400.0,55.37849426269531
2017-05-05,58.119998931884766,57.58000183105469,58.11000061035156,57.84000015258789,2602700.0,55.292457580566406
2017-05-08,58.380001068115234,57.810001373291016,57.97999954223633,58.15999984741211,2214900.0,55.598365783691406
2017-05-09,58.45000076293945,57.439998626708984,58.25,57.619998931884766,3426800.0,55.082149505615234
2017-05-10,57.83000183105469,57.380001068115234,57.47999954223633,57.599998474121094,2896300.0,55.06302261352539
2017-05-11,57.540000915527344,56.689998626708984,57.380001068115234,56.95000076293945,3091100.0,54.4416618347168
2017-05-12,56.650001525878906,55.75,56.459999084472656,56.33000183105469,2822000.0,53.84896469116211
2017-05-15,56.93000030517578,56.43000030517578,56.56999969482422,56.720001220703125,2351100.0,54.22179412841797
2017-05-16,57.09000015258789,56.34000015258789,56.959999084472656,57.040000915527344,2371900.0,54.5276985168457
2017-05-17,57.040000915527344,53.279998779296875,57.040000915527344,53.59000015258789,6114900.0,51.22964859008789
2017-05-18,54.40999984741211,53.540000915527344,53.61000061035156,54.06999969482422,4851000.0,51.68850326538086
2017-05-19,54.7400016784668,53.93000030517578,54.2400016784668,54.04999923706055,3485300.0,51.66938781738281
2017-05-22,54.47999954223633,53.790000915527344,54.29999923706055,54.2400016784668,2928800.0,51.85102081298828
2017-05-23,55.099998474121094,53.810001373291016,54.25,54.790000915527344,2631000.0,52.376792907714844
2017-05-24,54.91999816894531,54.34000015258789,54.91999816894531,54.54999923706055,2763600.0,52.147361755371094
2017-05-25,54.9900016784668,54.25,54.65999984741211,54.540000915527344,2250800.0,52.1378059387207
2017-05-26,54.56999969482422,54.13999938964844,54.27000045776367,54.31999969482422,3094600.0,52.17621994018555
2017-05-30,54.150001525878906,53.43000030517578,54.060001373291016,54.029998779296875,2926700.0,51.897666931152344
2017-05-31,54.18000030517578,52.689998626708984,54.150001525878906,53.369998931884766,5094300.0,51.26371383666992
2017-06-01,54.15999984741211,52.83000183105469,53.650001525878906,54.150001525878906,3632000.0,52.012935638427734
2017-06-02,53.970001220703125,53.31999969482422,53.5099983215332,53.4900016784668,4002200.0,51.37898254394531
2017-06-05,54.2400016784668,53.52000045776367,53.70000076293945,53.77000045776367,2807600.0,51.647926330566406
2017-06-06,53.689998626708984,52.86000061035156,53.22999954223633,53.400001525878906,3068000.0,51.292537689208984
2017-06-07,54.40999984741211,53.439998626708984,53.689998626708984,54.13999938964844,3116600.0,52.003326416015625
2017-06-08,55.63999938964844,53.86000061035156,54.13999938964844,55.189998626708984,4223100.0,53.01188659667969
2017-06-09,56.75,55.63999938964844,55.650001525878906,56.54999923706055,3980200.0,54.31821823120117
2017-06-12,57.119998931884766,56.20000076293945,56.66999816894531,56.20000076293945,3704800.0,53.98203659057617
2017-06-13,56.619998931884766,55.900001525878906,56.5099983215332,56.2400016784668,3798700.0,54.02044677734375
2017-06-14,56.47999954223633,55.150001525878906,55.630001068115234,56.43000030517578,3678400.0,54.20295333862305
2017-06-15,56.52000045776367,55.540000915527344,56.0,56.02000045776367,2719700.0,53.809139251708984
2017-06-16,56.310001373291016,55.7400016784668,55.9900016784668,56.150001525878906,4645700.0,53.93400192260742
2017-06-19,56.90999984741211,56.15999984741211,56.59000015258789,56.31999969482422,2012900.0,54.097293853759766
2017-06-20,56.15999984741211,55.63999938964844,56.0099983215332,55.70000076293945,2439000.0,53.50176239013672
2017-06-21,55.84000015258789,55.20000076293945,55.75,55.290000915527344,2849600.0,53.107940673828125
2017-06-22,55.16999816894531,54.40999984741211,55.16999816894531,54.72999954223633,2503500.0,52.570045471191406
2017-06-23,55.130001068115234,54.18000030517578,55.09000015258789,54.43000030517578,4440300.0,52.281883239746094
2017-06-26,55.2400016784668,54.290000915527344,54.61000061035156,54.810001373291016,2647900.0,52.646888732910156
2017-06-27,56.040000915527344,55.0,55.13999938964844,55.209999084472656,3284300.0,53.031097412109375
2017-06-28,56.33000183105469,55.630001068115234,55.7400016784668,56.09000015258789,3040700.0,53.87636947631836
2017-06-29,58.25,56.13999938964844,58.06999969482422,56.81999969482422,5388700.0,54.57756042480469
2017-06-30,57.130001068115234,56.34000015258789,57.04999923706055,56.720001220703125,3326900.0,54.481510162353516
2017-07-03,58.029998779296875,56.970001220703125,57.0,57.619998931884766,1926700.0,55.34598922729492
2017-07-05,57.93000030517578,57.060001373291016,57.650001525878906,57.720001220703125,3736700.0,55.442039489746094
2017-07-06,57.9900016784668,57.27000045776367,57.779998779296875,57.36000061035156,3190500.0,55.096248626708984
2017-07-07,57.83000183105469,56.959999084472656,57.52000045776367,57.77000045776367,3269600.0,55.49007034301758
2017-07-10,57.84000015258789,57.290000915527344,57.439998626708984,57.54999923706055,2470800.0,55.27874755859375
2017-07-11,57.900001525878906,57.16999816894531,57.65999984741211,57.18000030517578,2790300.0,54.92335510253906
2017-07-12,57.2599983215332,56.630001068115234,56.97999954223633,57.06999969482422,2076400.0,54.817691802978516
2017-07-13,57.529998779296875,56.880001068115234,57.2400016784668,57.4900016784668,2408000.0,55.22112274169922
2017-07-14,56.83000183105469,56.20000076293945,56.70000076293945,56.599998474121094,2864400.0,54.366241455078125
2017-07-17,56.86000061035156,56.189998626708984,56.470001220703125,56.619998931884766,2434000.0,54.38544845581055
2017-07-18,56.40999984741211,55.70000076293945,56.150001525878906,55.959999084472656,2724700.0,53.75149917602539
2017-07-19,56.36000061035156,55.439998626708984,56.209999084472656,55.880001068115234,3287300.0,53.67466354370117
2017-07-20,55.9900016784668,55.11000061035156,55.900001525878906,55.630001068115234,4915800.0,53.43452453613281
2017-07-21,56.84000015258789,55.58000183105469,55.7400016784668,55.97999954223633,4773800.0,53.77070999145508
2017-07-24,57.16999816894531,56.0099983215332,56.099998474121094,57.040000915527344,3988600.0,54.78887939453125
2017-07-25,58.40999984741211,57.380001068115234,58.150001525878906,57.40999984741211,4704700.0,55.1442756652832
2017-07-26,57.91999816894531,56.59000015258789,57.65999984741211,56.72999954223633,3610500.0,54.491111755371094
2017-07-27,57.310001373291016,56.470001220703125,56.75,56.70000076293945,4053200.0,54.46229553222656
2017-07-28,56.88999938964844,56.209999084472656,56.869998931884766,56.59000015258789,3328700.0,54.35663604736328
2017-07-31,57.83000183105469,56.75,56.75,57.290000915527344,3411500.0,55.02901077270508
2017-08-01,57.959999084472656,57.20000076293945,57.61000061035156,57.689998626708984,2383700.0,55.41322326660156
2017-08-02,57.90999984741211,57.349998474121094,57.540000915527344,57.63999938964844,1660300.0,55.365196228027344
2017-08-03,57.959999084472656,57.40999984741211,57.56999969482422,57.79999923706055,2268200.0,55.518882751464844
2017-08-04,58.970001220703125,58.119998931884766,58.47999954223633,58.45000076293945,2808300.0,56.14323043823242
2017-08-07,58.52000045776367,58.029998779296875,58.439998626708984,58.060001373291016,2150200.0,55.76862335205078
2017-08-08,59.0,57.88999938964844,57.900001525878906,58.04999923706055,2962000.0,55.75901794433594
2017-08-09,58.310001373291016,57.40999984741211,57.58000183105469,57.599998474121094,4904400.0,55.32677459716797
2017-08-10,57.56999969482422,56.400001525878906,56.880001068115234,56.41999816894531,3735800.0,54.19334030151367
2017-08-11,56.869998931884766,55.90999984741211,56.58000183105469,55.9900016784668,3418600.0,53.78031539916992
2017-08-14,57.439998626708984,56.599998474121094,56.599998474121094,57.310001373291016,2491300.0,55.048221588134766
2017-08-15,58.0099983215332,57.25,57.849998474121094,57.349998474121094,2107400.0,55.086647033691406
2017-08-16,57.880001068115234,57.27000045776367,57.52000045776367,57.459999084472656,2833300.0,55.192298889160156
2017-08-17,57.59000015258789,56.099998474121094,57.369998931884766,56.130001068115234,2723200.0,53.914794921875
2017-08-18,56.630001068115234,55.68000030517578,55.900001525878906,56.130001068115234,2375900.0,53.914794921875
2017-08-21,56.130001068115234,55.54999923706055,56.060001373291016,55.779998779296875,1935300.0,53.5786018371582
2017-08-22,56.56999969482422,55.849998474121094,56.02000045776367,56.52000045776367,2909200.0,54.28940200805664
2017-08-23,56.70000076293945,55.9900016784668,55.9900016784668,56.33000183105469,2330600.0,54.10689926147461
2017-08-24,56.54999923706055,56.150001525878906,56.470001220703125,56.22999954223633,1889900.0,54.01084899902344
2017-08-25,56.65999984741211,56.33000183105469,56.5,56.40999984741211,1932900.0,54.183738708496094
2017-08-28,56.599998474121094,55.540000915527344,56.540000915527344,55.77000045776367,2521800.0,53.569000244140625
2017-08-29,55.279998779296875,54.560001373291016,54.7400016784668,55.119998931884766,1731800.0,53.32713317871094
2017-08-30,55.65999984741211,55.060001373291016,55.22999954223633,55.4900016784668,2015800.0,53.685096740722656
2017-08-31,55.84000015258789,55.029998779296875,55.77000045776367,55.099998474121094,2478900.0,53.30778121948242
2017-09-01,55.84000015258789,55.029998779296875,55.290000915527344,55.47999954223633,1286900.0,53.67542266845703
2017-09-05,55.09000015258789,53.72999954223633,55.09000015258789,53.84000015258789,2461100.0,52.08876037597656
2017-09-06,54.33000183105469,53.58000183105469,54.11000061035156,53.81999969482422,2305800.0,52.06941223144531
2017-09-07,53.720001220703125,51.959999084472656,53.599998474121094,52.29999923706055,3123600.0,50.598854064941406
2017-09-08,52.86000061035156,52.09000015258789,52.279998779296875,52.369998931884766,5005600.0,50.66657638549805
2017-09-11,53.83000183105469,53.11000061035156,53.11000061035156,53.56999969482422,4309000.0,51.827545166015625
2017-09-12,54.779998779296875,53.720001220703125,53.86000061035156,54.63999938964844,2449100.0,52.86273956298828
2017-09-13,55.290000915527344,54.31999969482422,54.4900016784668,55.2599983215332,2416200.0,53.46257019042969
2017-09-14,55.61000061035156,54.650001525878906,55.34000015258789,54.7400016784668,4376000.0,52.95949172973633
2017-09-15,54.83000183105469,54.349998474121094,54.40999984741211,54.83000183105469,4310400.0,53.046566009521484
2017-09-18,55.709999084472656,55.040000915527344,55.09000015258789,55.560001373291016,3424100.0,53.75281524658203
2017-09-19,56.2599983215332,55.4900016784668,55.540000915527344,56.029998779296875,3147600.0,54.2075309753418
2017-09-20,56.709999084472656,55.5,56.119998931884766,56.66999816894531,2921500.0,54.82670974731445
2017-09-21,57.13999938964844,56.560001373291016,56.650001525878906,57.0099983215332,2649200.0,55.1556510925293
2017-09-22,57.2599983215332,56.38999938964844,56.77000045776367,57.220001220703125,2514100.0,55.358829498291016
2017-09-25,57.75,57.04999923706055,57.09000015258789,57.470001220703125,3832100.0,55.60069274902344
2017-09-26,58.150001525878906,57.220001220703125,57.470001220703125,58.130001068115234,3064400.0,56.23922348022461
2017-09-27,59.849998474121094,58.84000015258789,58.95000076293945,59.27000045776367,4188800.0,57.34214782714844
2017-09-28,59.5,58.720001220703125,59.349998474121094,59.29999923706055,3681400.0,57.37116241455078
2017-09-29,60.040000915527344,59.18000030517578,59.27000045776367,59.77000045776367,3383600.0,57.82588195800781
2017-10-02,59.869998931884766,59.119998931884766,59.810001373291016,59.83000183105469,1931800.0,57.88392639160156
2017-10-03,59.93000030517578,59.130001068115234,59.84000015258789,59.52000045776367,2686400.0,57.58401107788086
2017-10-04,60.220001220703125,59.400001525878906,59.709999084472656,59.619998931884766,4005300.0,57.68075942993164
2017-10-05,60.650001525878906,59.310001373291016,59.709999084472656,60.63999938964844,3321100.0,58.66758346557617
2017-10-06,61.119998931884766,60.5,60.7599983215332,60.77000045776367,3244400.0,58.79335021972656
2017-10-09,61.290000915527344,60.25,61.150001525878906,60.400001525878906,1503400.0,58.435386657714844
2017-10-10,60.869998931884766,60.2400016784668,60.2400016784668,60.7599983215332,2685800.0,58.78367614746094
2017-10-11,60.61000061035156,60.099998474121094,60.560001373291016,60.16999816894531,4493800.0,58.212867736816406
2017-10-12,60.54999923706055,59.61000061035156,60.290000915527344,59.66999816894531,2262400.0,57.72913360595703
2017-10-13,59.599998474121094,58.689998626708984,59.47999954223633,59.459999084472656,4115400.0,57.52595901489258
2017-10-16,59.869998931884766,59.45000076293945,59.540000915527344,59.79999923706055,2275000.0,57.85490417480469
2017-10-17,60.099998474121094,59.11000061035156,60.0099983215332,59.16999816894531,2508900.0,57.24539566040039
2017-10-18,59.54999923706055,58.970001220703125,59.45000076293945,59.290000915527344,3396500.0,57.36149215698242
2017-10-19,59.43000030517578,58.689998626708984,58.79999923706055,59.11000061035156,3410300.0,57.18735122680664
2017-10-20,60.599998474121094,59.04999923706055,60.09000015258789,60.02000045776367,4282000.0,58.067752838134766
2017-10-23,60.189998626708984,59.2400016784668,59.2400016784668,59.4900016784668,2419900.0,57.55499267578125
2017-10-24,60.61000061035156,59.709999084472656,59.90999984741211,60.18000030517578,2883000.0,58.22254180908203
2017-10-25,60.459999084472656,59.45000076293945,60.43000030517578,59.779998779296875,3697400.0,57.83555221557617
2017-10-26,60.779998779296875,59.970001220703125,60.099998474121094,60.61000061035156,2344900.0,58.6385612487793
2017-10-27,60.630001068115234,60.09000015258789,60.43000030517578,60.619998931884766,2684200.0,58.648231506347656
2017-10-30,60.529998779296875,59.939998626708984,60.34000015258789,60.349998474121094,2838600.0,58.38700866699219
2017-10-31,60.84000015258789,60.209999084472656,60.41999816894531,60.209999084472656,3009800.0,58.25156784057617
2017-11-01,61.099998474121094,60.349998474121094,60.65999984741211,60.529998779296875,1783000.0,58.5611572265625
2017-11-02,60.75,59.70000076293945,60.33000183105469,60.63999938964844,2338500.0,58.66758346557617
2017-11-03,60.470001220703125,59.880001068115234,60.310001373291016,60.400001525878906,1744900.0,58.435386657714844
2017-11-06,60.33000183105469,59.790000915527344,60.2400016784668,60.150001525878906,2187100.0,58.19352340698242
2017-11-07,60.459999084472656,58.040000915527344,60.439998626708984,58.08000183105469,6909800.0,56.19084930419922
2017-11-08,58.08000183105469,57.2400016784668,58.060001373291016,57.61000061035156,6027500.0,55.73613739013672
2017-11-09,57.790000915527344,56.369998931884766,57.06999969482422,56.79999923706055,5936500.0,54.952484130859375
2017-11-10,57.38999938964844,56.7599983215332,57.02000045776367,56.790000915527344,4532300.0,54.94281005859375
2017-11-13,57.41999816894531,56.29999923706055,56.45000076293945,57.33000183105469,3185800.0,55.46524429321289
2017-11-14,57.779998779296875,56.849998474121094,56.970001220703125,57.63999938964844,3080600.0,55.76516342163086
2017-11-15,58.08000183105469,56.83000183105469,56.9900016784668,57.779998779296875,2794400.0,55.90060043334961
2017-11-16,58.380001068115234,57.70000076293945,58.02000045776367,57.720001220703125,3038600.0,55.84256362915039
2017-11-17,58.0099983215332,57.31999969482422,57.400001525878906,57.77000045776367,2471700.0,55.89093780517578
2017-11-20,58.22999954223633,57.65999984741211,57.83000183105469,58.16999816894531,2432500.0,56.277923583984375
2017-11-21,58.43000030517578,57.70000076293945,58.36000061035156,57.72999954223633,2780900.0,55.85223388671875
2017-11-22,57.970001220703125,57.470001220703125,57.79999923706055,57.619998931884766,1852300.0,55.74581527709961
2017-11-24,57.779998779296875,57.16999816894531,57.77000045776367,57.209999084472656,833100.0,55.34914779663086
2017-11-27,57.58000183105469,57.18000030517578,57.2599983215332,57.34000015258789,2200600.0,55.474918365478516
2017-11-28,59.59000015258789,57.439998626708984,57.52000045776367,59.439998626708984,4806000.0,57.506614685058594
2017-11-29,62.18000030517578,59.52000045776367,60.099998474121094,61.29999923706055,5625000.0,59.70792007446289
2017-11-30,62.90999984741211,61.43000030517578,61.7400016784668,61.630001068115234,4692800.0,60.02935028076172
2017-12-01,62.349998474121094,60.209999084472656,61.70000076293945,61.970001220703125,3987500.0,60.36051940917969
2017-12-04,64.61000061035156,62.97999954223633,62.97999954223633,64.36000061035156,6154900.0,62.688446044921875
2017-12-05,64.80999755859375,63.630001068115234,64.4800033569336,64.02999877929688,5172700.0,62.36701583862305
2017-12-06,65.36000061035156,63.540000915527344,63.66999816894531,64.44000244140625,5400500.0,62.7663688659668
2017-12-07,65.1500015258789,63.880001068115234,63.970001220703125,64.76000213623047,4489900.0,63.078060150146484
2017-12-08,65.33000183105469,64.56999969482422,65.06999969482422,65.19999694824219,2566500.0,63.506622314453125
2017-12-11,65.5,64.26000213623047,65.1500015258789,64.62000274658203,5374300.0,62.94169235229492
2017-12-12,65.87999725341797,64.87999725341797,65.18000030517578,65.54000091552734,4405200.0,63.83779525756836
2017-12-13,66.11000061035156,64.51000213623047,65.66999816894531,64.56999969482422,4578500.0,62.89298629760742
2017-12-14,65.37000274658203,64.04000091552734,64.88999938964844,64.05000305175781,5026000.0,62.386497497558594
2017-12-15,65.69000244140625,64.19000244140625,64.55000305175781,65.0,8292300.0,63.31182098388672
2017-12-18,66.1500015258789,65.41000366210938,65.62999725341797,66.02999877929688,4257700.0,64.31507110595703
2017-12-19,66.4800033569336,65.5999984741211,66.33999633789062,65.62999725341797,4411500.0,63.925453186035156
2017-12-20,66.62000274658203,65.20999908447266,66.51000213623047,65.44999694824219,4412800.0,63.750125885009766
2017-12-21,66.33999633789062,65.45999908447266,65.56999969482422,65.55000305175781,5441000.0,63.8475341796875
2017-12-22,65.94999694824219,65.0999984741211,65.94000244140625,65.76000213623047,2325600.0,64.05207824707031
2017-12-26,65.97000122070312,64.93000030517578,65.73999786376953,65.29000091552734,1706200.0,63.59428787231445
2017-12-27,65.41000366210938,64.97000122070312,65.4000015258789,65.20999908447266,1537900.0,63.51637268066406
2017-12-28,65.45999908447266,64.97000122070312,65.29000091552734,65.44000244140625,1429000.0,63.74040222167969
2017-12-29,65.68000030517578,64.58999633789062,65.4800033569336,64.58999633789062,2558800.0,62.91246795654297
2018-01-02,65.12999725341797,64.51000213623047,65.06999969482422,64.86000061035156,3259400.0,63.17545700073242
2018-01-03,65.69999694824219,64.6500015258789,64.80999755859375,65.68000030517578,4720500.0,63.974159240722656
2018-01-04,67.0199966430664,65.43000030517578,65.94000244140625,65.86000061035156,5825600.0,64.14948272705078
2018-01-05,66.37999725341797,65.1500015258789,66.12000274658203,65.91000366210938,4768300.0,64.19818878173828
2018-01-08,66.62999725341797,65.54000091552734,66.3499984741211,66.3499984741211,4319800.0,64.62675476074219
2018-01-09,67.68000030517578,66.54000091552734,66.58999633789062,66.94999694824219,3277400.0,65.21117401123047
2018-01-10,68.62000274658203,66.94999694824219,67.12999725341797,67.69999694824219,3274500.0,65.94169616699219
2018-01-11,68.16999816894531,67.47000122070312,68.13999938964844,67.86000061035156,4168400.0,66.09754180908203
2018-01-12,68.94999694824219,67.98999786376953,68.37999725341797,68.88999938964844,4509400.0,67.10078430175781
2018-01-16,69.55999755859375,68.04000091552734,69.26000213623047,68.30000305175781,2691800.0,66.52611541748047
2018-01-17,68.68000030517578,67.47000122070312,68.62000274658203,68.3499984741211,4387500.0,66.57481384277344
2018-01-18,68.62999725341797,67.81999969482422,68.29000091552734,67.94000244140625,3723400.0,66.17546844482422
2018-01-19,68.76000213623047,66.88999938964844,68.05000305175781,68.58000183105469,5101800.0,66.79884338378906
2018-01-22,69.87999725341797,68.72000122070312,68.77999877929688,69.87999725341797,3742200.0,68.06507873535156
2018-01-23,70.63999938964844,69.44999694824219,69.48999786376953,70.31999969482422,3516400.0,68.49364471435547
2018-01-24,71.36000061035156,70.2300033569336,70.77999877929688,71.19999694824219,3276000.0,69.35079956054688
2018-01-25,71.30999755859375,70.3499984741211,71.30000305175781,70.5999984741211,2817600.0,68.7663803100586
2018-01-26,71.41000366210938,70.5,70.69000244140625,71.37999725341797,2373500.0,69.52610778808594
2018-01-29,72.05999755859375,70.7300033569336,71.1500015258789,70.73999786376953,3025000.0,68.90274047851562
2018-01-30,71.26000213623047,70.31999969482422,70.33000183105469,70.51000213623047,2934400.0,68.67871856689453
2018-01-31,71.30000305175781,70.5199966430664,70.79000091552734,70.69999694824219,2843200.0,68.86377716064453
2018-02-01,71.44999694824219,70.12999725341797,70.58000183105469,71.41000366210938,3361400.0,69.55534362792969
2018-02-02,71.7300033569336,69.4000015258789,71.12999725341797,69.4800033569336,4794100.0,67.67546844482422
2018-02-05,69.38999938964844,65.95999908447266,68.66000366210938,66.30000305175781,5418200.0,64.57805633544922
2018-02-06,68.83000183105469,64.31999969482422,64.83000183105469,68.43000030517578,6019400.0,66.65274047851562
2018-02-07,70.41999816894531,67.8499984741211,67.9800033569336,69.01000213623047,6349200.0,67.2176742553711
2018-02-08,69.30000305175781,65.77999877929688,69.2699966430664,65.80000305175781,3859600.0,64.09104919433594
2018-02-09,67.94000244140625,64.80000305175781,66.95999908447266,67.4800033569336,4562400.0,65.72742462158203
2018-02-12,69.0,67.36000061035156,68.08000183105469,67.58999633789062,4072600.0,65.83454132080078
2018-02-13,68.0199966430664,66.7300033569336,67.05000305175781,67.91999816894531,3012600.0,66.1559829711914
2018-02-14,70.29000091552734,67.77999877929688,67.79000091552734,70.06999969482422,3009300.0,68.2501449584961
2018-02-15,71.05000305175781,69.8499984741211,70.66000366210938,70.62999725341797,2798200.0,68.79559326171875
2018-02-16,71.26000213623047,70.11000061035156,70.16999816894531,71.1500015258789,3387600.0,69.30209350585938
2018-02-20,71.75,70.80000305175781,70.83000183105469,71.5199966430664,4646800.0,69.66248321533203
2018-02-21,72.62000274658203,71.41999816894531,71.55999755859375,71.44999694824219,3628800.0,69.59430694580078
2018-02-22,71.9000015258789,70.1500015258789,71.87000274658203,70.33999633789062,2540700.0,68.51313018798828
2018-02-23,71.33999633789062,70.13999938964844,70.51000213623047,71.29000091552734,2011400.0,69.43846130371094
2018-02-26,72.06999969482422,70.97000122070312,71.77999877929688,72.0,1999600.0,70.13001251220703
2018-02-27,72.51000213623047,70.52999877929688,71.77999877929688,70.56999969482422,2956100.0,69.12116241455078
2018-02-28,71.61000061035156,69.79000091552734,71.16000366210938,69.83999633789062,3284900.0,68.40614318847656
2018-03-01,70.31999969482422,68.38999938964844,70.02999877929688,69.08999633789062,3367200.0,67.67154693603516
2018-03-02,69.83999633789062,67.52999877929688,68.66999816894531,69.62000274658203,2797200.0,68.190673828125
2018-03-05,70.91000366210938,68.54000091552734,68.9000015258789,70.66999816894531,2267500.0,69.21910858154297
2018-03-06,71.26000213623047,70.06999969482422,70.8499984741211,71.06999969482422,2109700.0,69.61090087890625
2018-03-07,71.69999694824219,70.08000183105469,70.08000183105469,71.47000122070312,1830000.0,70.00269317626953
2018-03-08,71.94999694824219,70.37999725341797,71.76000213623047,71.31999969482422,1743400.0,69.85577392578125
2018-03-09,72.87000274658203,71.54000091552734,71.9000015258789,72.8499984741211,1855200.0,71.35435485839844
2018-03-12,73.37000274658203,72.38999938964844,72.69999694824219,72.58000183105469,2572600.0,71.08989715576172
2018-03-13,73.16000366210938,72.02999877929688,73.11000061035156,72.2699966430664,3157900.0,70.78626251220703
2018-03-14,72.52999877929688,70.69000244140625,72.51000213623047,71.05999755859375,2894500.0,69.60110473632812
2018-03-15,71.41000366210938,70.5,71.3499984741211,71.12999725341797,1732400.0,69.66967010498047
2018-03-16,72.41999816894531,71.0,71.29000091552734,71.52999877929688,5257900.0,70.06146240234375
2018-03-19,71.62999725341797,70.1500015258789,71.48999786376953,71.05000305175781,1989200.0,69.59130859375
2018-03-20,71.76000213623047,70.55999755859375,71.44999694824219,70.66999816894531,1825800.0,69.21910858154297
2018-03-21,71.6500015258789,70.19000244140625,70.91999816894531,70.87000274658203,1797400.0,69.41500091552734
2018-03-22,70.41999816894531,68.11000061035156,70.0999984741211,68.4000015258789,3092400.0,66.99571990966797
2018-03-23,68.58000183105469,65.80000305175781,68.58000183105469,65.97000122070312,3393400.0,64.61560821533203
2018-03-26,68.66999816894531,66.80999755859375,67.27999877929688,68.41999816894531,2985600.0,67.01530456542969
2018-03-27,69.0,66.12999725341797,68.76000213623047,66.69000244140625,2617200.0,65.3208236694336
2018-03-28,67.2699966430664,65.81999969482422,66.77999877929688,66.55999755859375,2773900.0,65.19348907470703
2018-03-29,68.04000091552734,66.48999786376953,67.08999633789062,68.04000091552734,4288200.0,66.64311218261719
2018-04-02,67.8499984741211,65.13999938964844,67.75,66.08000183105469,4464900.0,64.72335052490234
2018-04-03,67.41000366210938,66.06999969482422,66.51000213623047,67.19000244140625,3417700.0,65.81056213378906
2018-04-04,68.31999969482422,65.97000122070312,66.04000091552734,68.1500015258789,3550000.0,66.7508544921875
2018-04-05,68.94999694824219,68.0,68.5999984741211,68.54000091552734,2720800.0,67.13284301757812
2018-04-06,67.77999877929688,65.22000122070312,67.75,65.9800033569336,3626200.0,64.62540435791016
2018-04-09,68.86000061035156,66.55999755859375,66.80000305175781,67.16999816894531,5501600.0,65.79096984863281
2018-04-10,68.61000061035156,67.37999725341797,68.58000183105469,68.13999938964844,4393700.0,66.74105834960938
2018-04-11,68.16000366210938,67.13999938964844,67.33000183105469,67.66999816894531,2597700.0,66.28070068359375
2018-04-12,69.5999984741211,68.12999725341797,68.19999694824219,69.12000274658203,2974300.0,67.70093536376953
2018-04-13,69.75,67.18000030517578,69.75,67.37999725341797,4136700.0,65.99665069580078
2018-04-16,68.0999984741211,67.02999877929688,67.91000366210938,67.44999694824219,2879300.0,66.06522369384766
2018-04-17,67.75,65.58000183105469,67.75,65.94999694824219,3635300.0,64.59601593017578
2018-04-18,66.86000061035156,65.37999725341797,66.13999938964844,65.41000366210938,4374400.0,64.06710815429688
2018-04-19,67.31999969482422,65.6500015258789,65.66999816894531,67.02999877929688,5394900.0,65.65383911132812
2018-04-20,67.9000015258789,65.79000091552734,66.0199966430664,66.83999633789062,4853900.0,65.46773529052734
2018-04-23,67.93000030517578,66.6500015258789,66.69000244140625,67.23999786376953,4112900.0,65.85952758789062
2018-04-24,69.13999938964844,66.88999938964844,67.70999908447266,67.52999877929688,3560300.0,66.1435775756836
2018-04-25,67.86000061035156,66.5999984741211,67.54000091552734,67.31999969482422,2676200.0,65.9378890991211
2018-04-26,67.5199966430664,66.55999755859375,67.12999725341797,66.87000274658203,3042600.0,65.49713134765625
2018-04-27,67.75,66.6500015258789,66.91999816894531,67.66000366210938,1936400.0,66.27091217041016
2018-04-30,68.30999755859375,66.79000091552734,67.7699966430664,66.80000305175781,1942700.0,65.4285659790039
2018-05-01,67.30000305175781,66.0,66.44999694824219,67.25,2175100.0,65.86932373046875
2018-05-02,67.58000183105469,66.48999786376953,67.02999877929688,66.61000061035156,2210100.0,65.24246978759766
2018-05-03,66.5199966430664,65.08000183105469,66.37000274658203,66.05000305175781,1800100.0,64.69396209716797
2018-05-04,67.01000213623047,65.0999984741211,65.68000030517578,66.5999984741211,2126900.0,65.232666015625
2018-05-07,67.22000122070312,66.18000030517578,66.68000030517578,66.81999969482422,2542900.0,65.44815063476562
2018-05-08,68.02999877929688,66.69000244140625,66.98999786376953,67.25,2547100.0,65.86932373046875
2018-05-09,68.93000030517578,67.41999816894531,67.79000091552734,68.55000305175781,1899600.0,67.14263916015625
2018-05-10,69.55999755859375,68.06999969482422,68.44000244140625,69.33999633789062,2362600.0,67.9164047241211
2018-05-11,69.83999633789062,69.05000305175781,69.33999633789062,69.23999786376953,2016100.0,67.81846618652344
2018-05-14,69.6500015258789,68.80000305175781,69.33000183105469,68.93000030517578,1543800.0,67.51483154296875
2018-05-15,69.75,68.81999969482422,68.87999725341797,69.27999877929688,1766600.0,67.85765075683594
2018-05-16,69.27999877929688,68.5,69.08000183105469,68.91000366210938,2822300.0,67.49525451660156
2018-05-17,69.41000366210938,68.16999816894531,68.83999633789062,69.37999725341797,2919900.0,67.95559692382812
2018-05-18,69.47000122070312,68.56999969482422,69.08999633789062,68.6500015258789,1796300.0,67.24058532714844
2018-05-21,69.5199966430664,68.5199966430664,69.0,68.75,2751100.0,67.3385238647461
2018-05-22,70.2699966430664,68.52999877929688,68.63999938964844,69.58999633789062,2711000.0,68.1612777709961
2018-05-23,69.69000244140625,68.55999755859375,69.25,69.33000183105469,2389400.0,67.90662384033203
2018-05-24,69.37000274658203,67.87999725341797,69.16000366210938,69.2300033569336,2354500.0,67.80867767333984
2018-05-25,69.23999786376953,68.47000122070312,68.97000122070312,68.95999908447266,1974400.0,67.54421997070312
2018-05-29,68.25,65.56999969482422,67.8499984741211,66.2699966430664,4828900.0,64.90943908691406
2018-05-30,67.66999816894531,66.27999877929688,66.68000030517578,67.61000061035156,4119900.0,66.62407684326172
2018-05-31,68.23999786376953,66.80999755859375,67.0999984741211,67.51000213623047,5636000.0,66.52552795410156
2018-06-01,69.12000274658203,68.30999755859375,68.33000183105469,68.5,2662500.0,67.50109100341797
2018-06-04,69.29000091552734,68.6500015258789,68.80999755859375,69.13999938964844,2012900.0,68.13175964355469
2018-06-05,69.27999877929688,68.58999633789062,68.87999725341797,69.2699966430664,3374700.0,68.2598648071289
2018-06-06,70.37000274658203,69.44999694824219,69.56999969482422,70.36000061035156,2477300.0,69.33396911621094
2018-06-07,71.05999755859375,69.91999816894531,70.58999633789062,70.33000183105469,1897700.0,69.30441284179688
2018-06-08,70.58999633789062,69.79000091552734,70.08999633789062,70.52999877929688,1770000.0,69.5014877319336
2018-06-11,71.13999938964844,70.04000091552734,70.66000366210938,70.1500015258789,1490800.0,69.12703704833984
2018-06-12,70.72000122070312,69.81999969482422,70.48999786376953,70.12999725341797,2763500.0,69.1073226928711
2018-06-13,70.95999908447266,69.56999969482422,70.30000305175781,69.87999725341797,2522800.0,68.86096954345703
2018-06-14,70.30000305175781,68.54000091552734,70.19999694824219,68.88999938964844,2789100.0,67.88540649414062
2018-06-15,68.98999786376953,67.33999633789062,68.69000244140625,68.80999755859375,5424100.0,67.80657196044922
2018-06-18,69.02999877929688,67.94000244140625,68.2699966430664,68.68000030517578,1711300.0,67.678466796875
2018-06-19,69.06999969482422,67.94999694824219,67.94999694824219,68.93000030517578,2422700.0,67.92481994628906
2018-06-20,69.5,68.55000305175781,69.25,68.58000183105469,1432500.0,67.5799331665039
2018-06-21,68.9800033569336,67.79000091552734,68.48999786376953,68.66999816894531,1873900.0,67.66860961914062
2018-06-22,69.16999816894531,67.33999633789062,69.08999633789062,67.48999786376953,3566400.0,66.50582122802734
2018-06-25,67.3499984741211,65.83000183105469,67.27999877929688,66.63999938964844,3080700.0,65.668212890625
2018-06-26,66.77999877929688,65.55999755859375,66.72000122070312,66.1500015258789,2565400.0,65.18536376953125
2018-06-27,66.83000183105469,65.23999786376953,66.22000122070312,65.47000122070312,2790700.0,64.5152816772461
2018-06-28,66.08000183105469,65.11000061035156,65.7300033569336,65.70999908447266,2690700.0,64.75177764892578
2018-06-29,67.62000274658203,66.0,67.30999755859375,66.0199966430664,5218100.0,65.0572509765625
2018-07-02,67.02999877929688,65.81999969482422,66.0999984741211,67.0199966430664,2898900.0,66.04267120361328
2018-07-03,67.77999877929688,66.48999786376953,67.20999908447266,66.58000183105469,1743500.0,65.60909271240234
2018-07-05,67.43000030517578,66.5199966430664,67.02999877929688,66.94000244140625,3386500.0,65.96385192871094
2018-07-06,67.55999755859375,66.16000366210938,66.55999755859375,67.3499984741211,1829900.0,66.36786651611328
2018-07-09,69.62999725341797,67.55999755859375,67.79000091552734,69.54000091552734,3138500.0,68.52593231201172
2018-07-10,69.93000030517578,68.56999969482422,69.69999694824219,69.18000030517578,2694300.0,68.17118072509766
2018-07-11,69.4000015258789,68.62000274658203,68.62999725341797,68.95999908447266,1999200.0,67.95438385009766
2018-07-12,69.43000030517578,68.33000183105469,69.43000030517578,68.86000061035156,2349300.0,67.85584259033203
2018-07-13,68.87999725341797,67.31999969482422,68.41000366210938,67.63999938964844,5780600.0,66.65363311767578
2018-07-16,68.9000015258789,67.91000366210938,67.95999908447266,68.69999694824219,2401500.0,67.69817352294922
2018-07-17,69.36000061035156,68.52999877929688,68.80000305175781,68.91000366210938,2119800.0,67.90512084960938
2018-07-18,70.08000183105469,68.93000030517578,68.94000244140625,69.86000061035156,3369200.0,68.84126281738281
2018-07-19,69.6500015258789,68.6500015258789,69.44000244140625,69.0199966430664,3535800.0,68.01351165771484
2018-07-20,71.77999877929688,69.79000091552734,70.0999984741211,70.83999633789062,5658400.0,69.80696868896484
2018-07-23,72.87000274658203,71.05999755859375,71.29000091552734,72.58000183105469,4972100.0,71.52159881591797
2018-07-24,73.44000244140625,72.0,72.61000061035156,72.0999984741211,4579900.0,71.04859161376953
2018-07-25,72.55000305175781,71.55999755859375,71.83000183105469,72.38999938964844,3035900.0,71.33436584472656
2018-07-26,73.11000061035156,72.41000366210938,72.70999908447266,72.44000244140625,2522500.0,71.38363647460938
2018-07-27,73.11000061035156,72.06999969482422,72.76000213623047,72.66999816894531,2523800.0,71.61028289794922
2018-07-30,73.33999633789062,72.5999984741211,72.63999938964844,72.8499984741211,1915000.0,71.78765869140625
2018-07-31,73.26000213623047,72.0,73.02999877929688,72.06999969482422,3063100.0,71.01903533935547
2018-08-01,73.19999694824219,72.25,72.81999969482422,72.38999938964844,2342600.0,71.33436584472656
2018-08-02,72.62999725341797,71.62999725341797,72.08000183105469,72.47000122070312,2801700.0,71.41320037841797
2018-08-03,72.7300033569336,72.11000061035156,72.4000015258789,72.13999938964844,2723300.0,71.0880126953125
2018-08-06,72.38999938964844,71.5199966430664,72.13999938964844,72.05000305175781,3106600.0,70.99932861328125
2018-08-07,72.9000015258789,72.16999816894531,72.18000030517578,72.3499984741211,2280700.0,71.29495239257812
2018-08-08,72.87000274658203,72.16000366210938,72.19999694824219,72.62999725341797,2788000.0,71.57086944580078
2018-08-09,72.97000122070312,72.19999694824219,72.5999984741211,72.7699966430664,2256800.0,71.70882415771484
2018-08-10,72.22000122070312,71.6500015258789,71.94999694824219,71.94999694824219,2004100.0,70.9007797241211
2018-08-13,72.41999816894531,71.5,71.93000030517578,71.55999755859375,1787200.0,70.51646423339844
2018-08-14,73.47000122070312,71.7699966430664,71.7699966430664,73.06999969482422,2752500.0,72.00445556640625
2018-08-15,73.12000274658203,71.95999908447266,72.43000030517578,72.44999694824219,3252300.0,71.39349365234375
2018-08-16,74.05000305175781,72.9000015258789,73.16000366210938,73.55000305175781,2233100.0,72.47745513916016
2018-08-17,73.86000061035156,73.19999694824219,73.4000015258789,73.72000122070312,2007500.0,72.64498138427734
2018-08-20,74.05999755859375,73.45999908447266,73.83999633789062,74.04000091552734,1538200.0,72.9603042602539
2018-08-21,75.08000183105469,73.98999786376953,74.05000305175781,74.55000305175781,2251800.0,73.4628677368164
2018-08-22,74.9800033569336,74.0999984741211,74.4000015258789,74.5,1641800.0,73.4135971069336
2018-08-23,74.48999786376953,73.7699966430664,74.43000030517578,73.86000061035156,2239700.0,72.78292846679688
2018-08-24,74.33000183105469,73.68000030517578,74.18000030517578,73.75,1622600.0,72.67453002929688
2018-08-27,75.0199966430664,73.91999816894531,74.13999938964844,74.70999908447266,2465000.0,73.62053680419922
2018-08-28,74.94000244140625,74.36000061035156,74.55999755859375,74.66999816894531,1692900.0,73.58112335205078
2018-08-29,74.76000213623047,74.16999816894531,74.70999908447266,74.51000213623047,1796000.0,73.42345428466797
2018-08-30,74.08000183105469,73.08999633789062,74.05999755859375,73.20999908447266,2078300.0,72.62979125976562
2018-08-31,73.5999984741211,72.86000061035156,73.25,73.55999755859375,1908100.0,72.97702026367188
2018-09-04,74.04000091552734,73.0999984741211,73.58999633789062,73.98999786376953,1727600.0,73.40361022949219
2018-09-05,74.69999694824219,73.81999969482422,73.81999969482422,74.44999694824219,2295500.0,73.8599624633789
2018-09-06,74.5199966430664,73.87999725341797,74.37000274658203,74.20999908447266,1467900.0,73.62187194824219
2018-09-07,74.5999984741211,73.7300033569336,74.5999984741211,74.1500015258789,1418800.0,73.56234741210938
2018-09-10,74.44999694824219,73.81999969482422,74.41999816894531,74.0,1361200.0,73.41353607177734
2018-09-11,74.62999725341797,73.80000305175781,73.80000305175781,74.20999908447266,1275400.0,73.62187194824219
2018-09-12,73.94999694824219,71.05000305175781,73.72000122070312,71.37999725341797,4928400.0,70.81429290771484
2018-09-13,71.01000213623047,67.61000061035156,70.94999694824219,68.02999877929688,10309200.0,67.4908447265625
2018-09-14,68.98999786376953,67.87999725341797,68.25,68.58999633789062,4987800.0,68.0464096069336
2018-09-17,68.94999694824219,67.5999984741211,68.37999725341797,68.31999969482422,3791000.0,67.77854919433594
2018-09-18,69.08999633789062,68.26000213623047,68.73999786376953,68.51000213623047,3091600.0,67.96704864501953
2018-09-19,69.7699966430664,68.37000274658203,68.37000274658203,69.68000030517578,4059400.0,69.12776947021484
2018-09-20,71.19999694824219,70.0199966430664,70.05000305175781,70.93000030517578,3029400.0,70.36786651611328
2018-09-21,71.4000015258789,70.73999786376953,71.18000030517578,70.86000061035156,3915100.0,70.29842376708984
2018-09-24,70.94999694824219,70.05000305175781,70.68000030517578,70.08999633789062,2184700.0,69.53451538085938
2018-09-25,70.41999816894531,69.36000061035156,70.37999725341797,69.41999816894531,2397200.0,68.86982727050781
2018-09-26,69.79000091552734,68.23999786376953,69.79000091552734,68.33999633789062,2681400.0,67.79838562011719
2018-09-27,68.3499984741211,67.13999938964844,68.3499984741211,67.2300033569336,2984600.0,66.69718933105469
2018-09-28,67.2699966430664,66.62999725341797,66.83000183105469,66.79000091552734,4178700.0,66.26067352294922
2018-10-01,67.30000305175781,66.01000213623047,67.08999633789062,66.16999816894531,4719400.0,65.64558410644531
2018-10-02,66.5999984741211,65.52999877929688,66.08000183105469,65.93000030517578,3413900.0,65.4074935913086
2018-10-03,67.51000213623047,66.26000213623047,66.2699966430664,67.12000274658203,5116600.0,66.58806610107422
2018-10-04,67.9800033569336,66.91000366210938,67.30999755859375,67.18000030517578,6323900.0,66.6475830078125
2018-10-05,67.87999725341797,66.68000030517578,67.69000244140625,66.69999694824219,3544200.0,66.17138671875
2018-10-08,67.22000122070312,66.13999938964844,66.80000305175781,66.95999908447266,4304300.0,66.42932891845703
2018-10-09,67.0999984741211,66.29000091552734,66.69999694824219,66.69999694824219,3560600.0,66.17138671875
2018-10-10,67.20999908447266,65.41999816894531,66.75,65.44000244140625,3928800.0,64.92137908935547
2018-10-11,65.58999633789062,63.36000061035156,65.30999755859375,63.459999084472656,4147600.0,62.95706558227539
2018-10-12,64.5,61.11000061035156,64.5,62.310001373291016,7088500.0,61.81618118286133
2018-10-15,62.689998626708984,61.72999954223633,62.25,61.790000915527344,5350900.0,61.30030059814453
2018-10-16,62.209999084472656,61.310001373291016,62.209999084472656,61.77000045776367,7885700.0,61.280460357666016
2018-10-17,63.06999969482422,61.029998779296875,61.65999984741211,62.41999816894531,6857800.0,61.92530822753906
2018-10-18,63.040000915527344,61.34000015258789,62.040000915527344,61.4900016784668,5709400.0,61.002681732177734
2018-10-19,63.7400016784668,60.86000061035156,61.22999954223633,62.790000915527344,5680300.0,62.29237747192383
2018-10-22,63.150001525878906,60.77000045776367,63.02000045776367,60.83000183105469,4410300.0,60.3479118347168
2018-10-23,61.16999816894531,59.439998626708984,59.70000076293945,60.560001373291016,4805900.0,60.08005142211914
2018-10-24,60.36000061035156,58.689998626708984,60.34000015258789,58.83000183105469,4454200.0,58.36376190185547
2018-10-25,60.84000015258789,59.34000015258789,59.470001220703125,60.369998931884766,4239100.0,59.89155197143555
2018-10-26,60.34000015258789,59.20000076293945,59.5099983215332,59.560001373291016,3647800.0,59.087974548339844
2018-10-29,61.34000015258789,59.540000915527344,60.4900016784668,60.18000030517578,4143700.0,59.703060150146484
2018-10-30,62.150001525878906,59.880001068115234,60.5,61.939998626708984,6830300.0,61.44911193847656
2018-10-31,63.689998626708984,62.41999816894531,62.560001373291016,62.65999984741211,4030100.0,62.16340637207031
2018-11-01,63.25,62.25,62.970001220703125,62.5,2929800.0,62.00467300415039
2018-11-02,63.70000076293945,62.18000030517578,63.02000045776367,62.4900016784668,3075000.0,61.994754791259766
2018-11-05,62.900001525878906,62.18000030517578,62.43000030517578,62.52000045776367,2485200.0,62.02451705932617
2018-11-06,62.790000915527344,61.939998626708984,62.29999923706055,62.5,2950100.0,62.00467300415039
2018-11-07,63.15999984741211,61.709999084472656,62.7599983215332,62.83000183105469,3015000.0,62.332061767578125
2018-11-08,63.81999969482422,62.599998474121094,62.66999816894531,63.34000015258789,4007500.0,62.838016510009766
2018-11-09,63.7599983215332,63.099998474121094,63.20000076293945,63.529998779296875,3352600.0,63.02650833129883
2018-11-12,63.7400016784668,62.880001068115234,63.380001068115234,62.95000076293945,2524900.0,62.451107025146484
2018-11-13,63.939998626708984,62.81999969482422,62.95000076293945,63.52000045776367,2928200.0,63.0165901184082
2018-11-14,64.30999755859375,61.72999954223633,63.88999938964844,62.540000915527344,3011100.0,62.04435729980469
2018-11-15,63.209999084472656,61.400001525878906,61.95000076293945,63.20000076293945,3320300.0,62.699127197265625
2018-11-16,63.310001373291016,62.31999969482422,62.65999984741211,62.65999984741211,2783200.0,62.16340637207031
2018-11-19,63.68000030517578,62.36000061035156,62.83000183105469,63.09000015258789,3676500.0,62.59000015258789
2018-11-20,62.81999969482422,61.29999923706055,62.650001525878906,61.72999954223633,3116800.0,61.24077606201172
2018-11-21,62.66999816894531,60.939998626708984,61.779998779296875,61.900001525878906,2787400.0,61.40943145751953
2018-11-23,61.900001525878906,61.09000015258789,61.560001373291016,61.310001373291016,1273800.0,60.8241081237793
2018-11-26,63.4900016784668,62.15999984741211,62.15999984741211,63.45000076293945,3670200.0,62.947147369384766
2018-11-27,63.77000045776367,62.869998931884766,63.11000061035156,63.060001373291016,3787100.0,62.560237884521484
2018-11-28,63.61000061035156,61.939998626708984,63.08000183105469,63.09000015258789,2994600.0,62.59000015258789
2018-11-29,63.189998626708984,61.95000076293945,62.22999954223633,62.4900016784668,3362000.0,62.4900016784668
2018-11-30,63.25,62.209999084472656,62.38999938964844,62.689998626708984,3127200.0,62.689998626708984
2018-12-03,63.70000076293945,62.04999923706055,63.529998779296875,62.310001373291016,2749400.0,62.310001373291016
2018-12-04,62.20000076293945,58.279998779296875,61.959999084472656,58.66999816894531,4845700.0,58.66999816894531
2018-12-06,58.439998626708984,56.58000183105469,57.54999923706055,58.439998626708984,5104700.0,58.439998626708984
2018-12-07,58.880001068115234,56.72999954223633,58.189998626708984,56.939998626708984,3551000.0,56.939998626708984
2018-12-10,56.790000915527344,54.75,56.5,55.56999969482422,3512800.0,55.56999969482422
2018-12-11,56.52000045776367,54.33000183105469,56.290000915527344,54.5099983215332,4217200.0,54.5099983215332
2018-12-12,55.56999969482422,53.900001525878906,55.56999969482422,54.630001068115234,5618000.0,54.630001068115234
2018-12-13,54.91999816894531,52.83000183105469,54.810001373291016,53.06999969482422,5386200.0,53.06999969482422
2018-12-14,53.45000076293945,52.040000915527344,52.400001525878906,52.18000030517578,6092300.0,52.18000030517578
2018-12-17,52.90999984741211,51.52000045776367,51.95000076293945,51.790000915527344,5683200.0,51.790000915527344
2018-12-18,52.470001220703125,50.52000045776367,52.060001373291016,50.849998474121094,5055500.0,50.849998474121094
2018-12-19,51.38999938964844,48.97999954223633,50.68000030517578,49.400001525878906,6999800.0,49.400001525878906
2018-12-20,49.849998474121094,48.16999816894531,48.900001525878906,48.7400016784668,6854900.0,48.7400016784668
2018-12-21,49.63999938964844,48.150001525878906,48.5099983215332,48.5,8844600.0,48.5
2018-12-24,48.209999084472656,46.880001068115234,48.0,46.900001525878906,3031700.0,46.900001525878906
2018-12-26,49.20000076293945,46.04999923706055,47.20000076293945,49.20000076293945,6057600.0,49.20000076293945
2018-12-27,49.560001373291016,47.90999984741211,48.189998626708984,49.540000915527344,6124000.0,49.540000915527344
2018-12-28,50.38999938964844,49.369998931884766,49.689998626708984,49.779998779296875,4505700.0,49.779998779296875
2018-12-31,50.56999969482422,49.630001068115234,50.099998474121094,50.439998626708984,4650400.0,50.439998626708984
